457
13261 31087
10635 11100
28650 31493
14414 29658
27183 30547
32098 32219
4042 23115
18823 24710
15012 30007
4443 7975
7372 24756
7432 10748
12198 24312
7107 8715
17003 19478
8542 29339
21463 30953
27573 27737
25248 26842
25265 29199
17597 32177
29647 30211
3846 22073
22172 28010
21325 24043
679 23561
31445 32481
2501 16243
16908 18597
16583 26393
11852 25293
11183 20428
4438 32581
24329 27514
13392 17988
22491 32237
17169 22100
8561 15279
27466 32236
872 6909
20436 25360
266 11225
3368 13361
19878 29535
9056 14563
117 26457
14353 15152
427 28579
3760 12063
27582 30957
16492 30807
19514 30864
18220 25120
20223 25455
31075 32329
12917 13515
20517 23289
11907 30656
12458 26489
21 6676
4050 21978
30379 31367
20072 27684
4107 31220
27130 31926
14856 24116
27175 31451
11401 24684
23348 26873
15348 29829
24296 28426
21745 29021
16100 22903
6853 32276
30061 31213
27633 27907
12693 28172
3602 4589
28163 30202
24063 25875
32164 32623
12063 28595
4160 21552
29257 32087
14260 21825
3871 23803
12340 17881
19943 30252
13855 28932
397 14332
6527 28595
8524 17041
1151 13745
17563 23055
5639 25683
19779 26324
5235 8714
30 635
30217 31267
9592 16575
2695 16389
30199 30910
26585 31933
5093 6052
4273 14555
26074 32560
16652 17303
28218 28292
18682 27060
21733 26877
22280 31587
8793 11817
9295 25097
16774 31882
23633 26742
23368 24863
2975 26228
5224 9957
21328 31881
7579 28245
961 2250
29159 30706
15970 19276
1550 27320
4502 9047
3125 9131
8651 27090
23227 28743
29474 31485
22428 23495
11111 16005
11640 27232
21534 28661
8109 22357
14547 15227
23307 28402
24553 29376
17894 29242
21214 28781
5483 13151
31337 32706
7166 29645
26377 31138
17806 20339
29046 29257
2407 19641
10350 15418
22396 32692
7042 9611
30208 30737
32318 32438
3566 19800
22803 25707
20862 22289
26956 29297
5808 11610
22490 25300
24744 31563
7177 29933
5201 26023
6674 7868
6515 18766
18268 18291
8603 26698
10110 14350
17417 30825
30578 31875
21267 32573
18597 31780
8906 24143
23251 29472
21465 31554
5371 16367
20572 22777
19941 21334
5104 31630
10782 18970
30385 32520
3205 18787
23093 24799
27935 30622
20720 32105
24104 30832
23393 24893
28947 29950
5533 12473
4524 7280
26110 27660
2999 6871
4994 9741
27830 31505
16734 28429
5934 30397
20906 30159
31708 32613
27805 28951
1131 7577
14207 23727
27366 31073
31381 31938
18553 32227
24640 26843
18726 24155
20270 24799
19135 21156
27525 31054
25721 27625
19107 32339
13529 20399
4586 14487
7721 15253
10268 18073
26523 27761
9148 31730
22080 28745
5045 14699
30214 31827
32364 32642
8826 20140
3316 17134
25149 26043
32425 32625
20361 21207
25264 26844
445 24669
1312 24479
5564 11507
15416 32765
20263 25544
19815 32267
25749 26748
21350 32057
19689 32197
10525 21565
22161 25319
26786 26926
15491 25864
24478 26083
12932 16280
23090 31254
28148 29968
12597 15442
10384 22725
607 13903
24822 28608
3392 26185
24317 24617
30401 32356
29947 30428
16350 18740
19985 26333
10972 26989
21307 28201
18873 32368
4041 31794
2253 5096
11395 24650
28798 31899
14623 17900
1402 20812
5912 12257
13612 19399
5171 22316
14007 26401
20340 26196
29249 30817
6891 32429
26997 27992
26976 28417
31076 31202
6510 22675
16376 24769
26926 28124
10323 26697
31713 32582
29094 31396
5626 29274
8382 19539
16284 22870
16467 24389
3358 27892
9094 27288
27292 31965
32256 32286
2712 17626
4024 14368
530 16829
6747 15446
25855 29735
13287 15453
19909 21347
9848 22139
27569 31555
46 10874
9057 10361
1084 16511
11013 27387
1102 21489
13926 28253
28197 28762
13717 16840
16919 22625
8626 29697
29310 29507
10683 28604
27179 30931
16512 17587
11393 21737
31207 31337
15030 15775
8612 18119
23928 27014
5602 11338
27204 31647
8028 22390
31461 31494
30424 32536
12786 18485
332 26213
19566 23248
8153 18671
26194 32045
31656 32425
11177 15854
18588 24761
6098 23788
27551 32565
30459 31381
2854 8571
7826 24185
21236 26155
26270 28605
14294 15946
2401 23731
5418 9198
8407 31083
24820 30969
7614 7906
27473 31714
30783 32013
18792 31225
25850 29242
4141 12557
11309 30654
7082 9148
22772 26870
7327 24965
8740 25983
12859 21589
12045 19782
16074 20771
18069 32059
32521 32562
8622 18848
22602 25335
12548 16317
19815 24865
12291 13214
6440 26110
14286 18261
16394 32130
13831 17054
8082 20731
12963 32750
1396 8223
13335 23353
20450 22685
11445 24770
12303 19070
16923 30209
12923 22766
289 26714
15335 27525
19466 20942
10807 21620
22454 31946
3194 14564
27754 28439
11259 11287
16092 26351
16517 25113
11177 23422
15267 19637
17327 25632
9953 30968
32378 32558
7886 28518
5022 6647
14748 14826
16011 28558
1602 20900
23284 28365
3408 10065
11684 16087
31528 31562
19403 26794
31064 31226
21387 28024
6541 13977
13982 31086
26450 28860
20132 27254
13867 23979
10879 30162
18910 28094
21113 21731
17202 24514
16009 20638
3175 18981
31692 32121
5338 21803
14671 18673
18000 30689
5070 25877
7499 24318
20371 23407
944 25468
7901 28445
32552 32628
10581 32195
11643 28090
31606 32668
29691 29707
29425 32614
14181 30883
24934 30128
26565 28652
17305 23025
17128 29256
22370 28350
12076 17566
21646 27708
30089 32761
2754 18346
16348 28785
459 2071
4441 32661
15245 17809
14317 23874
3578 6982
17429 31646
2801 26023
8870 24488
18042 24565
351 3203
12829 27824
31111 32358
1042 1313
13742 22350
6144 17387
1553 32284
27123 28639
31115 32286
22863 25586
10905 12642
8575 17840
13745 24926
