99
11960 21785
23108 24461
19391 21540
12310 20976
4871 17601
21957 24725
13633 25152
12577 13572
15927 28859
2245 9236
4434 30445
15157 23910
21602 23083
12276 20396
18495 26247
1559 16601
27186 28940
14278 16966
17389 25585
15271 22831
28362 31897
16663 17352
743 2277
8712 13751
31764 32149
25773 26176
1553 32050
4925 8514
32624 32688
11441 23498
15901 21119
1211 31629
7029 26583
4818 25645
12580 19689
13666 23382
29323 30990
3967 14893
13330 19654
21235 25920
16080 17385
30127 31197
19134 22471
14174 15139
14692 21031
15799 24894
3831 7184
21605 25916
15144 15932
3041 11780
14172 22846
21062 26501
1727 3321
4229 15720
24990 30935
7995 25811
4402 24145
25392 26612
16146 28651
1376 23892
16303 21382
29752 30270
27976 28928
25977 29916
29424 30830
30244 32312
25997 28652
11936 14798
22439 23857
18565 20416
25225 30330
26432 26772
19589 31287
20576 31837
6313 19084
20483 29885
20034 32111
24679 26058
895 29985
11691 21162
21254 21899
27032 30958
2978 27868
22433 27540
23309 30088
31380 31813
2533 11641
26323 29238
32427 32453
30119 32203
5599 27418
4020 32505
31776 32420
29673 32617
24192 30542
19554 25269
32545 32765
8523 26914
29127 31773
