487
17144 20709
8342 26891
15686 31542
1839 28883
11883 23691
23077 25078
30829 31035
362 25099
1228 32265
8064 16002
5754 29193
28072 31072
11415 21231
31519 32271
20211 31463
18816 25434
12689 18235
4518 32355
5471 13632
29140 32386
11960 21669
26529 28594
31491 32641
8321 31961
25270 26501
20966 29108
6373 25910
31115 32620
31163 31225
2836 8625
28413 30120
18877 31822
6172 10844
529 20804
7078 9154
26647 27282
14540 30155
1914 31067
27679 28801
17536 19247
10959 32213
2115 4835
6137 29128
24920 30430
15939 22044
17704 25286
30573 31613
7551 23467
19199 31789
13590 14598
27987 29774
10556 31725
28061 31909
3674 5667
13948 22191
27160 31829
16180 23228
28262 30317
4756 14585
12974 28903
1314 32518
31824 32170
31955 32531
502 15239
13013 24795
23331 24240
16012 23136
9175 17164
15184 19174
1484 5495
8848 29446
21911 31130
22230 30986
10595 17771
21574 24798
6428 24310
23613 32084
11482 14316
16666 16988
20985 25480
16853 32543
14863 30841
6150 9958
2847 24473
940 1052
2372 16662
29615 32233
10396 32271
10237 27282
25640 27668
3129 25158
27542 27820
24395 26935
7654 31903
21758 32535
30769 32473
23986 27821
4789 19488
18950 21515
17245 23763
4834 15582
31388 31700
6935 12268
3198 3271
21597 31482
26538 31957
29299 29563
23208 30334
15958 27180
24890 28797
10177 21877
32283 32486
20927 25776
24537 25288
29480 30791
1989 30905
9923 15459
29944 30411
29132 31012
29573 32115
8005 14413
25711 27159
30205 31532
24081 24959
31318 32304
1909 27998
13801 17840
19054 20522
20970 26449
27800 28616
10743 25839
25325 26809
19457 29169
21878 23295
25868 30883
27706 28149
12535 20093
8507 19011
16851 31312
23372 25718
3485 25554
7203 29333
8319 13486
18759 22331
19606 23404
4013 26850
27401 32548
15238 15680
20326 24356
30923 32571
24833 27206
8303 24746
24454 28705
5546 30066
10529 24860
579 12411
30518 31675
2123 10131
21949 22122
25942 27005
9492 26304
16535 29127
3493 5431
14124 17802
3973 23728
27591 27978
3387 11048
13844 27816
30454 31566
18059 31707
6662 15266
32544 32706
13098 19256
26321 31492
24972 29085
25822 26915
13230 28352
12502 13237
5303 7732
13153 31071
1928 10900
20233 23101
3122 24743
13051 24787
27904 28063
31157 32225
28832 31741
8618 18853
28454 30033
10950 24043
30425 30663
18256 22824
7684 18794
17617 23898
6856 8812
17698 23112
565 15329
19058 24102
25712 31846
16356 18042
20600 26218
8515 29022
23306 31085
11572 26308
13973 26975
857 7753
24204 32361
25329 26600
24934 31310
1435 2387
5376 22122
10764 22514
17037 23284
12110 30731
6435 7650
2496 11538
26509 29204
1491 7838
28058 28954
11080 11545
21061 28629
2328 23528
27230 28915
16805 31184
18491 22311
24327 32751
12368 28623
24986 27547
13152 27038
23399 25297
26034 32203
14291 20212
11504 11916
29304 29928
19633 31433
10846 24663
31270 32060
13218 29586
12044 23723
32217 32306
31547 32716
6241 8344
29825 31168
22971 25339
4056 10370
7598 27106
1682 24394
28854 30057
8016 26440
5514 12976
29738 30582
13340 20924
11926 19511
23002 32551
27215 31410
7433 28878
11917 19928
6990 21017
11427 19189
9762 29283
13236 32563
10575 10621
28656 32346
14809 23846
29390 30040
25586 28924
7007 14393
10096 29570
26 3614
30234 30490
2418 3087
8787 20922
8865 12683
25375 29265
14646 27723
9785 31146
27543 29917
16946 29575
2105 12804
5937 12656
28943 30442
22445 32716
7784 23322
803 14752
28562 28883
21137 22210
1933 7994
23352 26389
19619 21066
3472 27009
5399 23050
25149 31209
16843 30806
11302 21298
8390 20983
3160 27960
7493 19717
5692 10402
255 31784
9502 9565
5101 6210
360 28919
14581 29823
23925 29537
13152 20878
29237 31019
20182 25980
32008 32596
18611 28369
26737 28316
467 30474
23425 26177
19472 30555
26227 31807
9445 19988
26905 29003
19945 21132
19322 19949
32401 32694
2447 30903
11736 19611
9232 30694
19832 31351
18312 32593
19801 27869
15597 15633
16301 16622
11798 30161
3254 27316
25060 31690
8429 27970
18419 24577
10726 14007
11961 22030
6482 21993
8746 14278
18051 26851
759 14368
19819 29286
2899 17824
29043 30685
6537 32094
10367 20395
6955 28639
17386 26756
23332 31915
8663 29500
25022 29000
17349 22930
31922 31962
26888 28110
10916 16581
2983 27036
8348 8948
6166 11677
4593 11051
11785 13815
3524 24965
5173 29689
10280 21874
31287 32252
11848 24011
24593 32091
17422 23258
22133 22146
26799 31318
12105 19309
7162 31127
30823 32599
31872 32690
10625 12765
3424 19270
21943 23238
31377 31751
566 14462
22937 30155
15144 28949
12392 24123
12940 23945
6066 24329
29187 31409
3305 27498
21144 23163
15518 24144
10017 18946
14733 17911
23965 31153
7891 30795
18948 28329
17468 30319
4391 16158
8855 15579
29879 31514
22584 27402
23667 23753
9372 21791
17105 30329
13818 20658
28126 30884
764 15616
30654 30800
8035 21828
10056 14199
4260 21150
9251 10605
11123 12641
30338 31990
22242 23174
24591 26402
20153 24281
1866 2523
18478 19980
282 17513
9669 32205
18321 25119
8854 27479
28199 32367
5695 23256
25230 27337
7397 21641
7782 13818
22536 26860
31751 32624
17183 22667
17552 21143
28018 32642
2302 5888
29191 30312
21583 31730
17810 19172
6640 7943
27902 29705
15414 15416
29190 32199
15829 29737
8945 27105
15848 24440
25724 31832
28644 29501
8412 32573
3792 32415
14218 18014
3235 16103
12115 17688
6301 16837
29844 32311
25696 25950
12286 12633
32082 32360
4875 28399
10508 32713
24835 28407
19047 29463
3659 3837
31340 31842
16360 31939
26587 27013
3320 32428
13142 24123
4173 31106
14486 24687
31253 32217
27861 27898
11151 13422
30763 31303
1283 11120
12984 30975
4113 28940
14452 19554
5782 6323
22560 27053
24632 27286
25371 28228
22625 25072
14187 22493
4416 24755
27192 30700
16958 32610
9779 13934
1507 11393
31076 31917
4193 23225
21892 22815
11787 25440
29629 30313
3277 7920
28659 30758
