89
28395 29708
6362 18498
16390 26739
6894 12135
8366 26995
32585 32686
23743 29615
2531 18651
6250 22228
11540 29072
17671 23758
8544 10409
27079 27872
25162 31657
15214 17007
3529 27259
12883 12915
5836 14466
12366 13130
18996 21173
25611 25997
3052 25414
12613 28881
1160 9601
29866 31694
24843 31117
22076 28858
16948 21883
5114 6408
26093 30081
14529 17123
11147 18585
977 23850
4304 21698
21104 26573
14605 23810
27253 30949
27184 28079
1901 14098
19468 24698
9249 18564
23944 26469
16580 30634
17660 32567
2082 11265
5170 28960
9988 14277
25830 27433
24057 27553
10062 16775
22922 24646
6867 28413
17400 31183
32358 32510
7514 13007
8552 15029
13428 22388
23087 31101
9477 17991
30308 32692
9123 13904
17296 18923
29367 31958
8875 31766
31829 32033
17715 32084
13069 14159
7937 12908
1627 22252
23376 32330
27321 30401
29839 32164
17132 17258
14493 32238
25715 29006
31607 32290
25297 29456
7555 22084
24226 26265
7757 12905
7323 8672
24626 26017
29985 31986
16487 25962
18543 20257
18555 23228
9719 21505
8093 27850
8627 26715
