156
5666 29616
21638 25785
32365 32665
31883 32544
1678 25413
20423 23310
3427 22482
3117 19541
27559 28234
9939 28775
14540 26832
28056 31141
22448 25467
4933 31639
18432 19801
19844 27792
52 17567
17483 20596
11894 29449
610 31929
8638 10503
4487 24670
5699 6925
12339 26454
26637 31344
3566 15217
28066 32193
10204 31944
3066 23922
12556 20139
6969 14652
14433 17110
4470 9125
29120 31198
19905 28125
31724 32189
11492 18170
26826 29528
9384 30448
12319 22535
11018 19050
13826 27579
12049 19021
13907 24290
12654 17265
20258 32079
27979 28316
3849 24923
22030 28796
22872 26631
31709 32374
16165 18485
5806 8120
1829 26990
22608 27685
27175 29388
847 31520
23955 28213
26321 32277
47 162
4020 4335
4248 12915
22349 26867
32450 32701
18105 25806
11493 15177
13076 29875
16090 30638
16775 19572
21652 29725
5558 30846
24798 32585
16466 32643
30077 30997
15716 17673
5980 9236
9032 25672
6499 13806
36 1970
11625 31308
16383 30339
22031 28721
30788 32625
14449 20774
26459 30253
31428 31816
13308 19954
26926 30501
26097 26728
27039 30314
19751 32710
12807 22263
5950 25235
20425 32634
7070 20984
10565 20875
15694 27676
2207 31421
17953 21678
5387 5468
32736 32757
28314 30829
14146 23445
10653 12985
20923 29748
5005 13142
18224 28397
7074 12041
17889 22772
28852 30462
20960 22332
26124 31260
25824 26085
20075 24254
676 18126
9196 9267
24361 27441
17323 29980
22360 22390
30819 32521
32389 32732
30344 31071
31685 31877
22054 29728
6478 28001
9089 12940
22493 31875
27891 31729
27668 30298
31530 32280
23583 24499
2295 29959
16242 19043
26740 30282
24427 27575
4855 7969
16734 22724
389 23287
11821 17880
31517 32386
27728 30867
22616 25965
3312 28237
13813 18049
5098 23667
7484 17824
7785 10146
29930 30851
11101 28781
10775 15739
29015 30608
7631 31564
20435 28895
25820 30598
18975 22164
12006 19856
