142
17071 19026
18835 21448
84 379
31313 31466
3841 9799
16960 29606
3957 11315
17645 26606
29850 32685
19140 30976
2995 22415
5008 16002
10172 22795
15512 23643
8189 22343
30668 32343
5242 15580
1735 5506
17103 29434
11989 32016
18094 25097
7387 22930
7764 22539
26848 31124
9904 11569
10403 30771
145 4359
4262 13750
30191 31720
32515 32622
24750 31030
8207 16690
29041 31354
4745 32633
3074 21580
14832 29929
18939 19109
19389 28656
23254 27093
2868 17325
28018 31096
15507 21967
12072 25487
13925 17421
2708 17882
26348 30617
27271 32061
16807 26951
4349 18076
12342 31756
3379 13118
8138 15501
952 18380
6402 20093
28266 32247
30090 32632
23918 31119
21587 32471
20017 20723
11664 24973
8387 26508
1060 8437
25192 25962
16041 31623
23576 29432
22162 28420
32223 32239
12396 28738
8884 30595
31936 32476
5810 14436
25888 32600
8998 23803
32366 32642
24882 26679
28401 28524
19566 29915
31464 31491
19743 31683
15687 20723
2553 19640
7477 31495
26469 30141
24974 26114
7074 8639
2715 19928
31840 32521
32697 32725
27324 29717
28295 31530
23644 27475
25290 29031
5711 32651
23145 27339
26788 27729
2828 3394
6238 31491
23446 31198
30234 31580
2896 31261
26474 29017
8504 23034
13807 15842
19465 32134
8229 28773
20985 30367
476 19018
21758 24983
27549 29100
19563 26300
13047 24913
27825 31289
21171 32478
21444 29448
3245 8259
19493 23423
4782 17277
10347 25660
16106 23216
16732 26383
4550 18876
5080 20974
9884 10021
6414 18793
19589 21342
26682 31371
16657 29817
17607 22015
5855 17873
14007 22888
2180 8619
9139 12883
4284 15699
27655 30166
24748 27339
5917 32483
15632 27909
27627 31429
520 23225
3181 28265
9180 28478
4117 4619
