1000
13928 28782
5450 20062
2779 16939
10773 28619
14515 26659
30732 32715
31889 32637
3441 22562
12376 32007
23667 23927
28036 28991
17109 31271
18273 29765
9941 16029
5964 25055
9782 18223
19386 22907
22832 32546
26368 28888
26981 28208
16998 21549
4367 27512
12805 30340
14752 25647
19721 30003
15022 23619
23395 24241
13043 19320
25444 29652
6047 18671
24308 24964
17637 20002
338 31543
12377 20724
30158 32721
5765 10909
3050 23733
25583 28076
4194 20287
20955 28219
23814 28572
2448 8176
16264 19013
30828 32721
31182 31798
29904 31004
28284 31491
26212 29722
17246 30638
21892 22931
23581 27806
22136 22287
968 30543
24597 26987
14624 32172
25683 31660
28886 30874
30583 32620
5460 22168
15383 25307
31104 32098
18175 27226
6828 27954
18463 29748
29466 30037
19016 29009
28093 30135
11404 30301
8239 22109
31892 32545
165 29051
12101 13235
24821 32044
21309 21770
18637 27936
10946 13749
15938 22001
437 23339
13171 19406
29079 31838
19864 27084
22057 31998
24509 30441
14284 17129
17996 21579
30959 31313
6102 29943
24503 28543
3263 22818
10691 28665
10427 16553
29708 30563
32670 32721
8063 10355
27914 31390
4810 20159
30696 31474
1574 11260
32022 32527
30960 31810
14981 25722
4994 5457
16161 24618
23830 28585
31260 31495
14882 25711
18642 28512
17675 31573
23731 30356
12914 22531
15039 15215
5415 12631
27307 32662
6236 30135
31890 32478
2332 8898
22114 31927
15692 31076
6690 17941
8357 24215
19137 26001
5109 27463
20483 27428
24946 31847
29469 30438
18364 25453
3779 19029
16019 30923
21973 26466
28833 30810
24931 26442
24739 27275
20791 23942
20307 28337
18299 20521
11235 18439
2325 23342
25611 25900
32575 32765
7344 21409
12195 24911
25249 31501
12226 16915
4096 5383
312 13252
15346 29795
1741 20556
5581 12990
22843 23751
24649 25006
1066 18143
10993 14877
23201 29890
14226 23748
14008 21741
7180 12197
3943 24623
7844 18419
10393 27333
7308 20961
20230 32314
15914 31542
26290 26590
10591 31792
14196 15727
19286 26853
20958 21255
2591 10644
23916 28736
11762 17996
16025 22019
31783 32252
11544 24330
1043 14929
26040 32396
4777 27515
20153 32268
32606 32741
11440 29656
24633 25117
18691 27218
23889 24372
31867 32211
21510 24812
13940 21456
8950 20119
32749 32763
28342 28512
20354 28330
24762 30607
31950 32600
27576 28171
32453 32710
7126 20542
10987 15907
14833 28464
14783 15645
12114 13172
26558 27819
32444 32601
5572 22390
18589 24535
12590 20618
23432 25458
16823 22203
2551 7468
27969 28311
10694 16079
24418 25068
16303 27123
8620 32324
7548 13592
24634 26359
18949 23454
22588 29165
27387 31503
8265 10155
24390 30307
16813 27368
20118 20918
14028 28285
4781 16839
30506 32165
9466 15196
7328 8888
29814 32019
11508 20617
25358 29958
28581 31278
15570 28889
19140 25792
4678 32568
24581 28196
31715 32344
16296 21887
15528 27345
15125 26878
13912 28535
11592 14946
26213 26536
25424 31184
13845 28009
180 25075
22531 27620
31235 32555
11532 20994
6849 9267
12554 32364
30528 32609
30334 31838
6340 10860
11800 29082
4660 11003
32022 32633
18439 21786
7703 17715
4507 20316
13465 21268
20471 28853
30288 31334
12980 20771
8660 10234
20950 29466
16823 20943
13356 29803
7185 12435
29788 31234
14148 16806
2168 28989
23088 25792
10050 25046
29122 29838
2353 5863
5461 17416
6115 8871
15566 18664
1997 19199
16506 21457
20560 20966
25844 27089
23663 25971
11455 24828
21077 29781
11502 27934
11639 25936
18694 23120
5794 24780
21984 32213
32446 32568
27771 29172
27121 32220
26966 31906
29732 32141
31788 31872
4175 32586
21266 21948
29485 31189
4486 27917
7833 31169
9300 31475
16618 26742
27180 29219
29181 32489
8674 19022
5235 17781
14096 31631
11410 32438
30382 31074
24672 26463
17142 29674
4166 10055
21495 22536
1597 14495
30630 31450
14599 29431
9005 9835
31104 32073
26458 30236
14143 16480
26289 31990
25425 27132
17718 20614
22408 32392
22060 32051
20665 21422
32657 32740
6649 9037
11913 19806
19637 25596
10680 26555
3837 21618
29649 30776
26985 28650
11095 13491
11370 30165
1040 25945
31547 32700
6519 8276
6976 15857
31061 31281
1649 32101
11488 27419
27989 29783
20181 23098
25818 26795
30885 31370
21317 25390
11772 22374
17559 27617
26589 31179
23029 30282
3063 19532
7316 16655
3415 20039
24910 30810
10073 20779
27888 32752
3796 10627
8787 16502
25285 28392
6380 22342
435 16876
13045 14891
1865 25252
1952 13811
19415 32131
19618 21813
13380 31056
5918 21304
16965 17443
15653 21312
22205 24394
8004 23139
24594 29011
16467 19961
27723 30703
28276 31266
13429 22227
12071 22243
10805 10982
21989 29536
28536 30861
30326 30609
18187 32465
19266 31092
20861 28498
26270 28785
8777 28710
26398 31088
12021 19742
11757 13135
24233 26056
17373 29921
26172 30235
19424 29759
15809 23549
25780 25914
1239 11999
4314 6816
15965 24430
10513 27631
18081 18687
16503 31882
18000 32429
9593 20128
4855 32058
29837 32157
18648 23424
16557 21113
21746 30980
32008 32676
28519 31997
29001 32137
30004 30944
19744 22088
15368 17806
1014 4598
1016 13021
19613 25602
23511 28082
3970 6557
2971 10210
21173 32171
17341 30598
1626 20483
20422 27127
7159 22219
31047 31903
6200 19998
10345 13761
28191 32429
14176 14865
26768 28029
525 534
20537 30934
16781 24071
5680 31996
16369 24949
3183 12515
6030 23274
4204 5067
14088 24279
27848 28868
2573 13254
8337 31801
9043 24386
14703 23529
4261 20579
8194 19084
27885 29224
24014 24135
26381 28889
24332 28738
30820 32039
14892 18625
16900 17765
4914 29098
20371 30033
29456 31837
15905 21548
17850 20746
10115 25496
5894 12773
30399 32499
28989 31418
16013 31423
2908 13655
24988 25886
27860 31017
3928 15052
12249 26144
20464 32499
9752 27152
10885 31549
9661 22805
20621 29455
30455 32604
25758 29659
12428 25995
15813 26149
21962 30138
6908 11620
2773 8952
15839 24953
18290 20689
28281 30084
27828 32703
16491 21947
7808 15877
30253 32268
16676 18737
10688 28737
18503 22294
23174 29358
8952 18246
7302 28986
25849 29623
23616 24915
19327 21079
31331 32281
23688 26220
15834 27182
22411 22999
20345 24991
20231 27351
893 27831
28985 30614
27981 28001
6722 9107
6192 17888
997 32170
29649 30379
2788 28017
9104 30092
14717 15149
7178 7257
29862 31259
15716 25790
16765 32654
8801 21763
5436 25292
668 30245
3402 29324
736 4360
27347 28363
30574 30738
15516 26339
20490 26675
12747 14326
28944 32628
30434 31253
24649 31801
22154 25758
8831 13043
23556 26490
12106 24243
11167 26429
32417 32503
7049 18965
85 27610
17072 25965
27948 29601
23534 26670
31709 31928
5551 24905
13404 21314
21204 21617
27214 32535
474 26383
11681 31564
25180 26491
31342 31355
29936 32000
25588 27627
28936 31195
28537 29960
31630 32615
25303 29467
15875 20563
17791 25466
19227 32301
20310 30381
21285 29563
7430 21293
31825 32644
1 25899
25854 28157
13899 32115
10740 14330
18172 21414
4545 14233
16459 24174
25488 32742
21138 23778
9277 13675
10128 23605
2282 10529
18988 23100
32272 32423
18622 29235
19112 32590
16832 18924
12495 29727
8118 25613
2722 8523
20100 25644
26387 31554
32575 32767
32686 32753
25723 31567
15454 19065
26883 30327
20122 21319
3964 13154
28047 32536
13635 22348
30960 32002
31205 32590
30772 32709
14253 26378
11815 24796
24026 25936
10809 32675
1634 17118
10805 12541
27818 30280
23916 25716
26240 30999
25269 26672
1695 20713
24186 26590
26403 31946
28257 31527
1190 7014
13661 21742
25160 28311
8070 15091
5872 11360
31839 32067
18568 27420
1573 15592
4216 16366
15882 22938
24509 30730
6675 24743
10767 25545
825 21441
22418 30464
26180 31998
15957 19621
29418 29680
7948 13859
32457 32657
7290 18864
5981 22410
22108 24195
25825 31187
651 4784
8329 17560
5708 13176
329 21321
26781 28913
13800 18402
1735 25935
19197 23884
18121 24665
9264 20341
8439 19310
25671 26302
30531 30759
16950 26693
21582 29890
10285 18504
3792 19263
11821 25503
10689 20363
29074 30167
8890 16645
1529 27539
8602 32369
4308 11750
11566 29259
18121 22461
19397 25904
11659 24901
353 2591
9184 11551
30346 31539
13114 15456
8624 29228
14176 23547
2293 2904
6959 19928
22974 30153
16290 29146
17308 17625
7832 26725
15652 26810
27673 29928
6186 20996
25474 29214
2575 32555
12928 19091
2644 6289
5386 15104
1067 4086
11612 28359
2528 22012
10015 10812
14471 15675
19703 30735
30030 31495
29282 30316
19254 28081
13338 27700
18515 29539
3545 7603
31203 32003
18874 20330
8842 17654
16069 17441
27011 27280
30841 31000
11205 23928
20065 22622
11117 18611
23778 25200
6956 32721
26820 27207
18100 32322
19395 23090
22391 29005
11784 23438
24713 31457
22449 25001
2363 22499
2429 4845
30484 30629
9106 14557
2041 7963
30720 32425
25609 32657
29037 29460
31153 31686
24093 28925
20667 20942
24502 32729
1616 10347
5258 16396
30807 32024
27685 31189
17585 31545
6452 23600
6111 11806
18924 27533
13690 24948
15796 20505
3178 20809
389 19435
32664 32690
22058 29067
5069 12324
9468 12105
17047 27644
6161 25718
28938 32586
6243 30143
934 18482
20282 26933
18070 30552
10773 24777
2548 26579
32322 32399
7856 18710
16181 31697
11336 24178
23028 23386
15767 23810
14 22515
32342 32433
20180 20908
23184 25031
6640 7591
3933 32603
27892 30460
11293 32188
16018 22698
27717 29875
8139 25896
25345 31567
28108 29646
5730 28481
10817 21014
4876 7677
28190 30978
13192 28601
18059 29656
6871 26831
20145 26317
4789 26350
14178 21863
12952 18672
9274 9646
4106 19134
7040 7181
8602 26475
31973 32639
1858 15158
6997 11760
10341 17834
24368 26502
3709 14817
11078 16149
17314 20032
7426 32413
25371 28442
5068 15536
13834 28890
26463 31058
7444 26860
6518 24404
3126 15183
14643 22701
16069 20249
26038 27532
14033 23328
4747 6966
24733 28065
31903 31908
19502 30233
30372 32573
30063 32637
21456 21461
11003 30039
26254 31426
21691 28112
6552 14577
7683 25575
14239 32318
3906 28417
4882 10723
13713 22161
18983 29100
10296 32427
30588 32357
11068 25316
12842 27646
25147 26916
23555 32435
26410 31945
1149 30200
7796 10790
17359 20866
11673 16094
2277 9727
16145 22955
11324 14057
22768 32246
2773 5682
12634 28311
30581 31037
20494 29566
7221 28264
23167 28149
15281 17511
23162 29507
25922 30757
6272 17308
1200 1386
21964 29857
20714 21622
6346 22105
22460 22610
28543 29806
16264 22975
32601 32714
9432 24363
12522 28812
15684 30805
11706 17216
6009 7245
5703 10284
26485 26691
2532 10957
1385 7516
2203 28229
17666 28616
20465 31751
11191 30273
19780 31210
1805 13214
15341 28275
21844 21861
26091 28891
2609 17722
32051 32334
15416 29966
24349 26126
28556 30654
30327 31968
26112 31576
5546 10356
28489 28635
14051 28615
8857 16499
6734 27642
23578 29708
25584 31967
7113 21929
18912 30492
20298 25970
31665 31910
10318 13787
23573 26415
13683 17547
17382 29237
32474 32754
7822 22578
21838 24721
29939 30011
28332 31712
607 21631
7540 29703
19883 22561
5829 26705
2416 27196
11023 28639
14531 20620
18560 26490
23491 29342
18332 24035
30075 30190
24592 25955
21225 22125
32179 32512
18711 21607
4639 29998
14289 25425
30839 31529
22446 30872
27806 28378
27459 32551
8828 22657
32215 32610
746 31117
25246 30213
6444 24771
25995 32757
31763 32556
28053 29682
6810 16425
23637 26772
18019 28526
1943 13611
31348 31517
21117 21157
20361 28724
23003 25982
2115 7958
15207 27012
9646 28320
26791 31849
19376 32728
8560 21501
31729 32639
15619 21847
2756 20162
16102 16204
31767 31898
3997 11311
8575 15944
17587 25162
24944 27794
18113 25265
1181 7695
29378 30081
32495 32615
5562 11548
5655 21296
25467 25912
22183 31577
452 18082
14551 20140
29034 29731
3168 9624
1622 10337
22816 27974
30373 30882
26560 27360
27958 28904
25634 29745
6335 14095
22948 26195
24884 30929
7144 11468
9176 14589
25696 29192
17990 20415
2947 9688
12779 28851
28356 32549
15402 27905
25008 28959
24530 28039
25270 29779
30274 31977
23362 24443
16045 16501
29751 30381
7228 30736
28543 30243
21874 30211
1986 11100
23675 32046
16 23430
14656 14961
26545 26612
15274 23242
32347 32491
16054 18725
