80
5041 20016
10910 12890
32547 32603
30153 31163
6746 10496
4117 9433
5561 19974
31492 32160
32058 32331
21059 21060
2513 26461
19985 23791
20010 25881
30903 32053
30469 32114
15361 22341
16526 27842
20591 25567
9039 13254
21180 22435
15597 23709
14805 18310
8148 32259
17306 22739
32646 32729
27863 32501
8295 16718
19473 29472
30065 30291
1846 32666
27826 31660
23076 24408
7510 8664
767 24311
27957 32214
21685 32071
12882 19848
10129 18021
4943 24528
4668 24095
4147 15149
12108 21571
11423 27475
18641 20665
20552 25207
13632 29548
6721 32415
1749 3348
9652 24422
12496 25991
7987 12970
7936 27964
29310 31167
15374 17788
2196 28626
31868 32160
19499 23403
25513 27773
24794 32053
22396 27893
27418 30123
14824 26098
3402 15989
3343 13283
7339 19188
17643 19587
2414 31495
736 5210
26631 31768
19834 20591
22155 27602
8329 18333
5222 29418
10228 31109
19317 30631
27453 28429
7015 16408
2939 6367
3643 20736
28122 28312
