12
60 35 50 -98 -44 -68 -35 -12 63 88 -35 74 
-24 68 55 48 85 -16 88 -56 0 44 -78 37 
60 -67 -22 -55 16 45 -25 38 -70 14 -85 9 
-98 71 -51 75 -34 -29 -2 99 -5 -1 -89 47 
-4 -55 -100 -72 -43 20 -35 16 -96 -9 -100 51 
-100 55 9 -91 1 -11 9 -60 -10 -85 10 -48 
44 -95 -62 3 -64 94 -83 -88 -21 45 -24 3 
-71 76 47 67 -69 61 -79 70 89 46 -17 35 
49 -33 79 35 -38 -10 -87 76 88 84 -24 -5 
-86 -61 46 49 -17 21 98 10 -42 5 -84 -97 
-21 -36 -56 4 -95 -11 -29 -31 -19 -13 -78 20 
-20 -27 -3 -16 -5 -66 -50 82 76 69 58 -52 
