16
40 15 24 76 -14 20 28 -68 35 29 -10 3 -48 -6 92 96 
13 -32 -16 -24 41 14 80 -83 -1 -69 48 -57 34 31 19 34 
9 -84 73 -34 -45 -64 -68 -98 -65 -57 30 99 27 -74 48 -90 
-75 -32 -81 68 47 -65 22 -15 20 -60 -88 85 82 -45 89 53 
62 42 43 92 23 -24 19 28 -96 -80 -73 -65 19 -83 42 -9 
88 83 -17 -60 -29 78 -43 -52 -61 67 -72 22 -68 26 -14 -59 
42 -19 -83 47 -60 12 49 -30 96 35 -4 86 -40 -14 -49 58 
-99 20 1 89 94 -31 32 -88 -21 11 -39 -71 48 43 82 -51 
-68 -32 -46 23 100 46 -49 80 -12 -1 37 -98 -77 98 24 -89 
100 -61 52 -2 100 93 -45 96 84 -91 -61 -36 89 -52 -100 33 
20 76 77 0 92 26 31 14 -26 -12 -87 -49 -17 -29 83 51 
-61 32 -99 -50 -98 70 17 -19 98 -55 66 74 -50 18 -47 42 
-85 31 71 -41 -53 50 -46 -84 -28 -4 -38 -22 35 55 -95 78 
-13 -53 -31 22 24 64 69 -30 -4 -50 0 16 -59 78 -100 -85 
-52 -15 -3 69 92 -51 -48 23 14 74 -23 -72 2 -45 51 69 
-67 -37 -49 73 21 -18 -69 -58 83 -12 81 -74 -20 -93 -16 83 
