14
-17 94 -15 -83 37 73 54 -78 40 -56 16 6 38 9 
-18 11 7 -28 48 82 -3 87 -45 -16 -83 -59 19 17 
13 81 -60 -10 36 -5 -97 67 -16 84 -44 66 85 -49 
34 95 -37 -24 58 64 -27 -29 95 -40 22 66 -50 93 
-20 -13 21 62 -41 -77 -57 -21 6 -81 -55 69 -69 -14 
-79 96 -87 78 25 58 83 -62 5 -60 -51 -78 -37 -40 
-67 55 -82 -91 16 -12 -36 42 -25 -72 -10 68 41 16 
12 -59 -5 -14 47 31 16 45 -11 64 28 -49 -9 97 
-97 65 77 -42 28 -96 29 92 28 59 55 -89 -35 -98 
-3 33 -67 24 46 42 54 -8 -32 -58 -75 -39 -72 25 
0 -21 96 42 74 36 76 -8 -26 -22 -39 -78 -97 -92 
-84 -49 18 -43 11 -96 -34 78 -14 62 -43 11 34 -61 
65 -61 76 13 -39 70 -82 -83 -37 66 19 24 2 -78 
-75 -61 -11 47 -21 1 -16 79 -11 -50 76 -99 13 54 
