15
-34 54 21 50 18 -62 26 23 -87 97 -32 1 -100 -79 20 
-19 -71 79 -78 15 -16 92 -35 -18 48 58 65 -22 25 -5 
30 47 -3 84 -85 -31 -44 53 -73 43 -76 14 8 -39 12 
-39 -17 93 17 66 -44 -84 24 0 70 -79 -8 -54 60 39 
90 -5 33 32 56 -18 -46 15 35 8 -13 -1 -74 -1 -69 
4 29 19 74 -12 -37 0 -41 43 -19 -28 -91 5 -44 -3 
-62 -14 -80 -5 -90 -40 -33 7 -100 68 -43 31 57 76 89 
87 -16 -26 -30 -13 13 -99 35 48 -7 -60 -55 90 13 53 
43 39 -57 37 32 28 -75 -14 40 27 -85 -43 -7 53 -92 
-82 53 -93 15 54 28 31 13 -97 -44 -38 -45 -78 -20 -78 
1 -81 29 -95 -70 -56 96 12 64 -90 24 90 0 48 -9 
84 30 2 -71 90 96 -22 -36 21 31 -85 -70 94 -65 13 
-94 -52 18 -88 -51 24 -7 16 -48 -37 31 -39 -31 35 -29 
55 -38 45 32 54 89 52 -77 18 -92 -80 -84 96 30 -17 
59 11 -75 -90 -55 -23 -81 -4 25 94 19 -9 51 29 -31 
