96
0 32
88 93
34 100
7 87
87 99
40 89
34 86
78 92
20 100
57 97
36 42
93 93
40 59
100 100
65 81
38 58
67 97
100 100
40 76
35 81
68 100
100 100
96 96
87 95
90 94
52 68
67 79
34 72
43 65
76 88
97 97
56 59
55 95
48 61
34 51
65 89
80 97
87 95
25 91
68 75
4 88
21 55
37 45
10 66
7 73
53 53
30 43
26 70
27 93
64 89
98 100
89 93
11 59
59 65
97 97
59 83
13 77
57 77
17 61
98 98
46 62
0 22
64 98
92 98
75 77
88 94
25 25
5 29
28 44
23 83
61 69
35 45
100 100
14 59
95 97
80 95
21 85
90 100
94 100
83 97
77 85
82 89
91 97
8 19
72 83
34 76
33 39
71 89
20 53
72 73
12 62
63 97
5 53
83 87
8 77
70 70
