16
-52 -92 -27 61 91 -41 72 68 -59 42 -25 46 10 93 -74 -60 
93 96 97 1 100 43 -54 1 -92 29 47 8 76 -8 -97 79 
69 -74 -41 -44 3 -81 82 -68 5 -62 -65 -78 -23 -14 61 -56 
93 2 51 96 -91 18 -42 -78 -26 -25 61 -72 -77 9 -27 -74 
-78 77 -37 -4 -85 -12 -14 48 99 -39 58 -99 98 55 30 -29 
55 -68 23 100 85 -7 63 92 -42 -36 -39 -61 31 60 -12 53 
60 63 20 22 23 -47 -27 -1 36 18 -31 22 -8 -36 -4 60 
7 -63 7 -4 51 56 -53 -38 60 -50 39 -92 -51 -3 -75 64 
-3 81 75 -53 -19 -5 54 -97 4 -98 37 -21 -39 -46 -37 -5 
-38 -45 -88 -8 94 80 -59 -71 46 -28 -83 -64 -78 71 -22 -85 
23 25 -4 100 -85 85 57 28 -45 -93 -77 88 -28 86 -74 97 
79 38 -36 -39 -20 -60 -20 -76 59 -25 -69 -16 47 -69 -28 -96 
-16 90 -23 74 15 -2 27 -18 14 20 30 -77 61 -4 -83 47 
-100 -90 -90 9 -74 -100 17 36 -7 -18 -75 28 92 9 -64 75 
-94 -58 -76 94 -48 85 31 -80 64 -74 67 -96 -66 -86 -21 48 
-66 6 24 85 45 19 23 89 -68 -67 72 -81 99 -61 -75 11 
