100
-98 -29 -84 -42 96 -85 22 -55 -38 56 -91 -12 -1 -50 11 -46 25 24 21 79 -47 -74 2 -64 -18 58 -31 -37 67 10 -9 97 98 -94 94 15 67 -15 -66 -91 20 18 57 88 78 -79 80 -2 -81 -38 74 62 65 40 39 9 56 -87 -20 31 -34 -84 75 72 58 37 -5 13 88 -94 -77 -4 42 80 -62 84 -24 -87 49 90 26 -54 -37 32 -36 -52 -26 -81 34 41 -99 49 13 35 -70 56 43 -34 -56 -71 
-19 -52 -87 -4 15 25 -34 -91 36 51 86 67 24 83 -79 32 65 -21 -9 83 34 10 -56 -88 31 52 87 -1 -47 93 88 73 -55 81 -61 -63 -3 26 -49 44 -31 -54 90 -14 61 66 1 54 -56 -56 -19 -64 44 -1 -56 87 15 -77 -1 83 -14 18 -18 -79 -61 -30 -39 97 -80 50 -61 -85 59 -80 68 -44 -36 -5 73 36 -53 -40 -34 -12 -67 -32 -48 -38 -75 -91 47 -58 -8 -68 17 65 90 -20 58 -8 
-29 70 -5 89 -53 -31 -38 -64 12 -49 30 47 -15 32 84 -21 31 84 37 76 -93 -34 -89 55 92 17 -18 65 -100 -51 22 -17 23 30 -6 76 53 1 16 -78 -30 16 -24 -85 -53 52 -17 85 -66 95 90 -91 47 -67 9 -61 72 46 -96 11 42 29 -30 76 7 95 37 -74 -42 8 5 -41 58 66 45 8 89 13 47 -66 -92 -45 18 96 25 -40 69 -38 -2 -8 22 -59 -50 59 -62 -81 -78 -4 42 49 
23 77 10 -71 -34 -30 -18 37 26 6 -33 7 97 -5 -54 -6 71 76 -65 -79 -2 28 -16 34 27 -32 71 7 41 72 -55 -24 -32 -13 40 -41 65 -16 -48 46 -50 4 -48 10 94 -42 20 -66 -4 12 -26 79 68 100 73 21 50 -9 47 75 -99 65 95 1 84 12 24 22 -14 -37 -60 41 20 88 -72 -95 -21 -28 7 -38 -17 -17 79 -78 75 -35 -27 -32 -43 40 57 -90 -89 96 74 -55 34 -76 7 -59 
23 -35 -46 -47 -42 18 -43 94 97 -41 84 83 -34 -89 42 -13 -54 -33 10 86 71 -71 4 -72 -49 77 68 -8 46 -15 -54 -32 -52 19 5 80 77 59 -4 22 56 33 56 45 69 4 -5 69 99 54 100 -65 64 -30 -84 -1 -39 -69 84 54 -85 -52 -69 17 3 -22 -62 38 24 -38 -71 -23 -63 -97 -55 -66 -35 -38 -30 -23 -5 -50 6 11 -9 -40 -55 42 -38 -43 -36 -8 16 62 -43 24 93 55 15 5 
45 -25 -26 -98 92 74 -12 -19 -91 -13 -61 -5 -18 -17 90 -37 68 -5 -54 3 33 63 -50 10 76 76 -56 -13 -11 86 -87 98 -66 44 48 -38 -68 47 40 -31 -83 -37 -33 29 59 79 -62 -27 79 68 -92 86 -74 -62 -95 55 1 26 -69 -57 -62 88 -70 -28 68 -2 -7 -8 -54 -90 -15 14 -10 77 66 37 -84 -54 -37 -23 -16 52 -64 -69 63 72 -82 28 61 36 78 -34 53 63 -22 34 -15 -25 -29 42 
89 -52 -91 -15 72 7 -58 23 95 -100 -20 42 -96 -67 50 29 -69 -54 99 -44 -91 -63 58 -14 -87 26 -4 25 -3 -7 63 34 -11 36 -67 81 94 -77 35 23 15 36 45 2 -65 -18 -13 -87 96 35 -41 25 -58 51 64 -38 -32 -27 -71 46 -21 -29 67 -86 -72 56 -15 63 -52 94 95 -64 -42 52 11 5 -63 -43 6 -51 -30 11 54 -49 -51 -21 10 -95 -56 99 -39 -78 -27 -80 -93 77 79 67 21 20 
-92 73 -3 90 75 41 -40 -39 -54 -88 83 -38 66 -70 -61 11 76 36 -69 74 28 -15 73 40 3 -62 15 -36 66 -73 12 -9 -8 -79 -64 61 -5 82 -5 -74 -41 10 -83 9 -68 61 -11 10 37 22 -27 -38 68 15 75 -88 51 32 -59 63 -10 95 -60 -34 13 -22 17 72 3 56 36 91 -60 84 -76 3 14 41 11 -97 -82 27 9 -83 -5 -41 -2 11 64 90 -33 97 19 15 17 65 -68 90 69 -23 
57 30 21 -12 28 81 32 82 7 -76 16 -9 -24 40 27 -80 -1 -9 87 -55 -34 94 85 37 -17 -70 73 -36 95 -14 40 90 -4 71 99 -91 -69 33 97 50 86 -57 43 -87 32 -62 -67 -2 -49 68 12 70 52 -70 8 -99 -5 78 -58 72 3 96 -2 -39 -95 35 47 70 -76 62 91 -65 88 -66 -60 57 75 -98 -46 25 -24 -53 52 75 -24 -30 -42 -54 27 82 -99 -50 -63 -64 -72 -13 -43 -23 67 43 
48 -13 -94 27 -80 -81 -7 -48 73 -7 30 -83 77 -21 -89 5 -35 81 95 73 -86 -33 31 98 -61 -66 -66 5 -11 -58 -38 -61 -83 -70 -60 43 -38 -80 81 79 -55 -17 32 39 -75 -98 -86 45 18 15 79 32 -20 -55 24 -40 20 -11 37 97 94 -29 -32 19 -93 92 -68 -48 53 -53 -77 41 -4 -81 -67 -9 51 55 -1 -71 -100 39 97 11 -8 34 7 -74 -29 -91 -20 -15 57 97 -69 80 -21 -25 -79 -28 
-85 5 47 10 95 -43 42 23 69 -37 -77 -82 -55 97 64 45 13 33 -78 -67 -66 -12 21 40 -93 -63 -71 69 35 -25 76 -49 -72 -96 -2 90 70 -66 -25 25 50 -39 69 35 55 26 -8 6 -56 -67 -81 58 38 14 -59 82 -33 -73 37 65 -23 -20 77 -10 -54 29 -49 -77 -68 -6 70 -69 -64 -41 34 36 -99 -33 30 21 -15 -60 -17 -83 -39 75 34 -40 0 79 -31 -89 49 -23 -69 33 89 -32 85 -95 
50 -33 -18 -82 -55 70 29 25 -77 -54 35 53 -12 25 -100 75 -32 -48 -77 -22 68 -12 50 -26 88 35 -48 71 -63 -92 5 -24 -37 -27 89 19 -44 1 91 51 -67 92 -4 -90 71 -25 90 40 86 -92 -62 87 76 74 20 -28 77 -70 -16 -75 -35 26 -64 10 -13 35 87 90 -76 46 72 -92 -96 15 8 50 31 -39 -14 63 -98 -86 -67 64 14 -81 42 -27 -20 -75 -11 81 90 85 -79 36 3 63 -15 44 
60 -98 43 -78 -15 32 83 -35 -72 -51 39 -61 -11 30 81 -52 -67 -81 100 -16 -71 -25 35 50 -94 48 20 18 54 63 -78 42 56 57 98 -25 95 -60 -36 -12 97 95 -83 16 72 6 74 16 -38 56 -12 -47 24 -68 -70 -5 80 78 -90 68 -42 -62 -59 72 74 -14 -56 94 -91 44 -93 -84 -72 -46 -92 -35 54 88 -76 -19 84 -90 -66 -32 -67 -60 -21 -77 -50 -80 96 38 -98 77 18 -23 -73 -31 -93 36 
86 -72 88 -33 94 79 -76 19 7 19 -43 15 -43 47 -29 76 95 40 21 80 -93 -81 89 -72 36 -31 33 47 -82 64 -60 -86 45 89 -7 19 -75 6 90 -53 -28 29 22 -80 -84 34 -51 54 -87 -35 2 -39 33 17 24 84 87 -4 0 10 6 -56 6 -19 -22 99 32 -23 39 68 -51 65 -54 55 89 -56 -44 31 -43 30 -38 -61 2 -97 61 -54 65 -14 -51 35 43 39 27 59 86 39 43 31 -55 11 
99 2 72 27 -82 -95 36 -10 -54 -10 74 66 -13 88 4 87 3 23 -26 73 76 49 8 -53 81 58 -15 25 -35 56 -21 -84 53 -79 33 34 26 -92 67 -8 14 49 23 -21 -99 16 -83 -61 -70 -22 -52 -94 -99 99 53 1 -70 -20 -76 20 49 34 98 -59 -94 -56 34 40 -19 66 -93 -69 -33 -40 -77 -73 -20 38 -26 -76 -7 -87 -2 15 24 -52 65 95 19 72 -56 59 -52 -87 -10 -24 -60 -14 -95 -75 
70 79 5 34 84 45 -57 11 77 -50 -84 -45 7 -52 -42 55 9 46 45 -16 51 -48 -95 -92 -92 -54 57 -43 -91 -56 77 -70 -58 -47 -94 -31 90 39 35 70 8 55 9 -10 51 -28 65 29 -10 -74 -97 58 4 53 87 88 -76 78 30 56 28 -78 4 24 23 -31 -99 52 9 64 -9 96 -37 -64 33 22 74 81 -2 85 71 36 95 -48 -82 -14 -16 57 -29 -60 -50 99 -18 3 -25 -69 93 -83 -18 44 
-87 24 20 17 98 73 98 -96 -93 -30 37 -83 -73 -93 -39 -54 -88 -34 -85 12 -16 63 -25 -50 -73 80 71 -83 -87 73 71 -66 -47 39 -58 -86 -68 47 20 -89 30 -83 88 -33 4 -47 -15 -35 -39 -3 10 -92 79 71 -11 -88 84 28 19 -15 8 9 -5 -21 -62 4 7 -1 -34 -71 -63 -15 8 -8 78 11 -95 -97 -37 -32 -76 81 23 36 -75 79 -12 -52 -49 -85 -57 92 74 -11 -89 58 -36 16 78 36 
56 80 -88 93 62 74 -64 -33 17 -34 3 -24 -90 9 -73 25 -20 96 92 45 83 16 -3 -70 -27 -27 96 -88 -27 -34 29 -71 37 -45 -84 54 97 18 39 -94 79 50 -60 32 -90 -35 -91 57 50 34 -59 52 -87 -18 -49 -60 -61 17 -64 -87 -9 -61 -41 -60 -94 -84 55 -69 63 88 -42 45 16 -50 -80 42 -17 -67 -15 48 -77 83 85 42 -56 73 -5 -100 -25 59 -57 76 -87 10 -3 49 29 -6 -64 32 
4 -74 96 -73 -96 -38 22 -61 55 88 -19 72 -51 -60 -1 -53 -68 -62 -62 -52 49 -50 -54 73 98 49 75 -1 -48 -64 96 -97 17 -13 62 64 11 75 28 -82 -81 -10 -57 -62 52 -9 76 -56 -72 12 3 -57 99 17 88 2 -30 -83 -55 77 -29 -25 -13 -60 81 99 98 90 -56 -35 40 5 34 8 -68 -6 -81 -91 30 43 25 -67 37 -92 34 92 48 21 26 83 -8 -99 -36 36 -27 -27 23 97 62 -9 
-94 14 94 69 -63 95 37 -63 12 76 91 98 4 -72 -95 -8 -74 88 -6 -76 35 -11 -4 38 -24 -64 -42 92 -44 9 16 100 55 82 -72 31 27 0 -35 13 -42 -46 11 21 -94 22 93 -99 27 36 46 -55 32 92 -19 11 21 -10 -63 18 64 51 68 89 -82 -59 9 45 -32 61 30 2 -46 -99 48 -47 36 30 93 84 -58 31 14 -25 -80 16 -23 66 75 8 46 -88 -19 38 -88 -27 -4 40 -80 -78 
-94 23 -26 38 -33 -23 -2 84 -18 -40 32 -74 59 82 48 -73 72 5 26 6 90 90 -78 -5 29 -25 94 -86 -42 -73 -49 -87 43 11 -39 -16 -76 -70 -36 43 -9 22 47 -38 -72 81 4 -18 -76 89 5 -23 -22 34 -59 -76 -6 69 -51 26 31 52 -66 96 56 -46 -33 65 -67 -5 -33 -83 -22 4 100 68 73 27 60 -53 -5 78 0 64 38 -77 -19 -12 -83 -94 48 -59 23 -49 6 16 90 -43 -14 30 
67 -82 -48 26 -67 -97 -38 60 -25 -1 -83 82 53 -8 -91 -97 -84 -58 42 -62 -74 74 -20 70 -90 52 17 55 -49 -51 33 -6 -38 -81 -17 -70 -89 -98 28 -87 91 -29 -13 84 -46 43 67 64 42 -26 50 -39 12 -39 -50 -69 31 83 -54 25 -72 23 -50 -5 28 -75 38 41 28 -16 -86 -79 54 23 12 -98 4 28 15 68 7 -21 41 87 27 -61 -22 16 97 58 84 3 -32 82 -17 30 42 -42 18 6 
85 -82 58 -51 60 -86 37 -75 -1 -54 -85 -21 -30 24 -25 -16 -97 -21 -95 -59 -10 90 54 93 91 17 5 32 -48 -81 -66 -69 -58 67 -99 -17 64 -95 39 -14 -15 -18 -53 2 71 67 -74 -24 33 44 0 85 -46 -8 -20 49 -19 -86 -92 79 74 19 -63 -52 -74 -6 -81 -31 1 -48 -89 -45 88 -73 -90 88 0 -39 98 28 84 89 -68 -56 7 58 -85 76 5 59 3 -13 93 -46 69 40 38 57 6 -16 
-23 100 62 -43 99 -51 27 -72 28 49 0 -62 -13 65 6 -16 -69 79 26 4 -19 -83 15 -70 54 -82 -94 43 -55 -7 60 58 58 82 24 -52 74 31 -66 -37 -6 -31 65 -42 -58 -87 -66 -1 91 -54 7 -75 1 -31 91 16 -8 -3 -52 21 -17 -47 14 -43 85 -58 38 -54 -55 -78 84 -27 -94 57 46 -16 21 -21 61 -72 -1 42 58 -27 35 61 -3 96 81 -37 2 90 -47 69 11 3 62 4 69 -2 
-95 -10 -47 86 -72 -60 13 -51 -33 -9 -69 65 -52 35 -94 -91 -98 59 -84 -33 93 98 -1 12 -62 66 14 51 -34 86 15 -8 29 -11 38 -36 21 -68 -39 36 -12 70 -75 35 9 -99 5 -36 -81 5 57 -32 -51 -34 -14 -13 76 74 11 -100 -55 -90 65 74 41 61 49 25 78 53 -6 73 -41 -59 33 12 -2 -99 -95 -15 43 -54 31 -10 -56 28 -65 59 -24 2 -7 97 -92 83 -51 26 -54 -57 -82 24 
-8 2 -56 -80 21 -84 67 -87 -84 -16 96 80 -82 -83 89 56 -48 35 -74 -79 -83 -39 -6 -66 -61 -94 -91 68 24 -28 -9 63 11 -7 -52 94 -5 98 52 1 -64 7 -24 -1 42 -52 87 -63 -3 39 -24 -93 53 53 44 39 94 -23 100 73 10 80 42 -21 -52 -89 77 -52 -43 -9 42 83 -6 -90 68 -67 5 65 -100 -45 91 -19 -3 -8 0 -17 -1 -12 -13 -11 9 -40 -87 -26 58 -30 -1 -50 -82 83 
70 93 100 -100 -17 -65 4 -78 34 85 30 -36 -3 -99 42 4 42 37 -58 -91 9 -82 28 78 16 -17 42 -39 -92 -12 -32 -57 -57 87 -86 -50 -12 10 -57 35 56 18 -9 -30 58 -83 62 -1 -65 -97 -37 63 -85 50 70 30 67 5 25 32 12 6 46 14 76 51 -12 67 43 -44 -38 3 48 71 -86 -86 -14 67 -53 89 -97 54 -18 49 34 -48 -23 65 73 -50 41 -7 -4 74 99 25 19 69 43 31 
-41 96 58 -16 55 43 -47 100 54 54 93 26 41 -36 -73 31 57 94 -99 65 -76 -94 -41 16 -76 -50 -23 -45 4 2 28 -31 -79 38 -58 -2 2 -75 86 -53 -89 100 17 13 -95 -94 -50 -98 57 34 -87 -34 -23 -28 62 2 24 100 64 16 -82 -78 94 -56 70 95 47 93 80 -99 95 43 -29 -99 -45 79 -70 -70 23 98 52 19 7 -61 52 20 41 0 -100 69 53 75 -65 82 32 -32 -70 61 -84 -31 
-64 -44 -9 -90 22 57 60 -87 14 96 -66 0 55 2 92 14 37 -62 26 10 -74 -99 -40 32 88 -69 31 -4 -18 31 30 -34 99 66 9 6 6 64 16 47 -78 48 90 -59 34 20 -8 49 92 -7 -53 -36 26 -60 -80 44 77 -89 -89 -73 82 -11 -30 73 -35 -10 -12 -51 61 -96 1 45 93 30 -85 -11 -82 8 61 -54 48 47 -38 -57 -88 17 -20 97 68 67 -88 3 50 29 49 -86 -2 -100 -5 90 
62 61 -56 -75 24 76 65 -47 30 -6 -37 64 3 -42 50 -20 57 53 -79 32 -100 23 84 8 79 -93 87 -34 -73 -55 -83 -73 75 -98 61 -55 -99 19 -7 -2 33 -99 87 -8 -81 -19 -2 35 -91 78 22 -76 91 13 -99 82 -68 -97 28 -55 -42 70 55 93 -72 98 -93 8 -40 72 -16 26 -23 -59 -70 -29 37 -38 19 26 75 -2 93 -95 10 46 54 85 -66 -21 -63 7 -54 25 -68 -16 19 9 -47 64 
-82 56 -59 74 75 28 -85 81 51 -62 -49 8 -62 25 69 -57 -96 -55 60 42 -16 -9 0 -39 45 -53 94 -84 -93 88 -20 96 -59 -21 -17 -61 -89 -40 -14 53 -59 -54 37 -23 48 55 -11 40 90 -87 40 -93 -45 85 -86 57 52 -39 90 -23 -72 83 98 -58 95 51 56 -50 36 36 9 53 -53 13 -52 87 -75 90 17 64 -48 -53 -53 -3 79 -93 94 -24 47 -4 -99 -34 -12 37 -75 78 84 65 -92 -13 
-34 49 -49 95 -20 -47 -24 15 49 12 44 -95 -67 45 -47 -50 -45 -12 89 62 -32 -38 -74 52 -46 91 14 26 -97 8 -84 70 -6 78 -80 34 9 -13 19 -4 81 9 66 -86 -40 -5 35 -34 -41 -28 -55 95 36 -24 -20 -63 75 65 17 -51 4 73 83 -40 -22 -94 -74 -28 91 -75 5 9 44 -46 8 72 24 -18 1 -25 37 -26 48 90 -77 -51 -97 67 -52 83 -82 57 -90 32 18 -33 -62 0 -93 53 
-60 -39 83 -35 -64 20 -93 10 -18 -27 72 57 96 13 81 -79 -9 -34 -64 34 -44 -29 12 9 10 60 -47 -54 75 -72 -87 73 -57 100 8 -63 -89 68 -78 6 -38 -55 99 39 13 6 69 93 49 -69 -41 -30 48 31 -73 91 -22 -75 -56 89 -48 -54 -79 51 -55 -74 -35 -80 -92 53 -70 -27 -45 57 -71 84 37 -48 -65 -37 -5 -75 63 -47 -64 70 -9 49 -70 -14 55 -70 97 10 25 73 75 22 -51 74 
24 33 -76 76 30 63 54 -91 -10 -41 -67 -68 -29 35 -45 12 -99 -9 64 59 68 -6 -19 -37 13 -31 26 58 -76 -28 -12 90 -78 -49 26 -81 -83 -76 -28 -35 51 14 34 36 16 -74 -42 -98 5 -24 -85 -40 64 -98 26 6 -27 -42 59 -33 -51 -65 -83 0 44 44 67 -46 17 -27 -12 50 -22 8 -73 -40 16 70 29 -58 63 -81 44 17 53 42 -81 34 11 11 -27 4 78 87 -17 -7 -5 45 -1 73 
5 -47 53 -90 94 -83 13 39 -60 -71 -69 -20 62 0 55 -54 42 -42 -1 -41 -62 60 -71 25 -86 -18 71 -9 -53 -18 88 16 21 -1 -92 27 92 27 24 39 11 -44 41 17 -32 86 87 -95 99 -22 41 39 -73 -72 16 -77 -86 -32 69 61 49 -29 -70 -43 67 30 -66 37 27 93 -3 -20 -62 3 -31 -10 -95 -54 -19 95 -35 16 15 78 -73 -75 36 40 21 -1 94 15 8 33 32 -80 28 -30 -75 -97 
-69 -16 -91 -75 88 -92 -66 -17 -27 43 -93 -34 63 -4 -67 15 52 60 -90 -52 34 4 78 16 -89 66 18 -19 40 -73 89 -51 1 56 29 -28 95 -85 -18 27 30 -72 -45 7 60 23 10 -49 -25 41 86 85 24 -73 -40 -41 -2 82 44 49 -76 14 52 40 9 -45 -39 72 68 49 -39 93 -83 55 -71 -50 -84 6 90 -94 -44 64 -80 -90 -64 89 -79 90 93 -33 -39 75 -38 -72 71 -25 84 33 22 19 
-15 -63 -40 97 30 -38 -48 -30 40 38 24 69 16 13 90 -56 -20 15 -57 -7 -15 -88 -38 62 -90 -34 4 -98 -69 -86 60 44 87 -11 69 97 -53 84 70 98 -82 12 91 -50 -60 80 -7 -57 28 14 34 6 26 0 -54 52 -25 15 -60 -85 31 -57 23 30 87 26 10 100 5 -53 39 -13 -88 15 -16 16 84 -62 -51 -93 37 -1 19 -4 -60 13 -65 -67 64 -47 -11 50 17 -64 -12 95 -38 48 -88 46 
-81 -16 -56 -44 44 -77 25 77 -28 -42 -14 80 15 71 -63 -10 29 12 67 37 -77 59 64 92 100 15 -43 5 -29 55 -72 35 -46 -97 -18 -50 2 4 -59 86 -92 7 70 -52 47 -74 59 -57 -57 -29 3 -70 -15 1 -83 -43 64 -6 33 -24 31 38 36 98 -34 -81 72 -35 -50 -67 85 -64 -50 50 61 47 91 50 60 -30 -83 -67 -80 43 -59 43 -93 -86 55 -30 51 61 -73 -10 18 9 -34 -61 50 52 
-84 -34 21 67 -70 -68 -47 -46 -36 -67 43 -89 -47 64 -86 33 -45 40 7 -25 -17 -47 -39 -45 -81 87 91 94 -59 -48 74 82 5 -43 -53 64 48 -2 67 83 -38 47 -78 -33 18 3 -6 0 65 46 24 95 -56 33 38 3 -72 99 73 17 46 62 16 -16 -21 -48 70 46 79 99 16 -95 43 63 39 77 51 90 -97 97 -24 -99 -31 -28 -11 -7 64 -17 -52 -3 24 -11 -7 42 68 -60 74 -6 9 92 
-48 -46 -42 -77 36 47 -55 -85 -45 -50 93 -78 50 47 82 54 -61 -78 -50 -64 46 -54 1 -36 83 -18 -61 -48 -3 -89 20 15 -13 8 -41 85 35 63 23 -92 1 -80 -77 -100 -75 -83 11 -81 -11 -12 -77 -78 -45 96 87 38 -32 53 65 84 -81 -58 -47 -32 53 -32 1 -12 10 -49 63 35 42 18 96 -77 -82 -69 39 99 92 64 -78 69 69 -1 -10 50 76 -87 -3 43 91 -94 -96 56 -9 61 -17 73 
-4 -38 77 -5 84 -49 9 -83 6 -93 48 67 -14 -94 12 -75 62 -4 32 -11 6 -65 -7 -33 14 18 -33 -76 28 -15 -60 23 92 -59 91 49 -92 -64 -1 39 24 70 -43 44 -34 -22 -23 -92 65 24 -50 -24 -77 -32 50 54 71 90 68 -36 -70 -50 5 -44 73 -84 -35 4 64 68 -91 -95 98 10 93 -11 97 24 -84 54 95 15 -94 91 -41 -44 70 -73 -86 -77 -62 -98 60 54 36 53 -22 -84 -40 -7 
66 -61 -92 -24 4 -60 7 8 11 92 53 63 17 88 78 -55 21 -47 74 76 62 -91 -57 23 -71 80 20 -79 -81 -41 -34 -86 9 49 68 -54 -6 54 57 -55 -75 -86 -83 64 -16 -33 63 98 -29 82 7 15 92 54 58 -59 34 -79 48 13 76 65 94 -8 -54 -30 4 -45 -10 -66 38 0 -3 -77 -24 41 2 -40 72 56 63 -25 -67 -87 66 -70 69 24 27 -57 -64 39 94 32 61 1 -97 -18 25 -1 
-11 -34 -48 -98 -18 48 -2 8 -42 -27 -54 59 94 -39 31 -30 -92 -83 4 -23 -65 35 25 -68 88 74 14 61 70 60 -19 -96 36 -79 21 -68 -20 -99 78 45 0 -95 -66 -94 48 57 -4 51 7 -3 85 59 -42 -54 -37 96 41 -18 -86 39 8 60 28 -60 66 -28 90 -83 73 2 30 50 -57 52 -95 -72 67 -37 50 45 27 -75 -36 51 51 -58 -72 -48 11 -53 -51 -58 52 -60 39 34 74 82 18 25 
-88 -52 -12 -15 82 93 -45 7 70 96 -69 89 99 71 -78 -92 -46 -21 4 -22 -79 -50 -91 -91 96 -45 17 -55 -82 4 87 -37 -87 43 5 48 -30 -90 -3 -41 -59 -54 96 -25 19 -25 36 -99 -38 97 12 93 -42 -30 16 48 16 52 69 74 -59 99 -9 -14 62 83 42 73 35 -16 -53 -52 -72 -92 -93 -79 59 -3 22 66 -49 39 67 62 -18 -30 -87 -16 44 68 30 70 -59 98 50 93 -89 -46 -6 -48 
-33 -24 -37 92 62 68 71 6 -50 76 0 -33 -48 40 28 94 -80 -73 48 -89 -14 -68 60 35 -15 -57 -6 29 -19 34 66 7 -71 -50 4 41 -82 7 -7 -56 95 -60 -80 -78 -23 27 56 40 -25 -2 -96 -58 19 72 23 98 17 -26 -10 78 -30 -4 -15 22 -46 -43 60 -11 70 -3 6 91 -26 -77 -59 -15 5 24 39 -11 11 -75 -28 -42 86 12 -91 40 45 -95 0 73 -70 17 -6 6 -59 55 -78 84 
39 -1 -39 51 -69 -53 54 -35 -27 -56 -20 82 -42 62 -43 -43 90 -42 28 92 -59 65 21 -20 -98 -49 55 23 64 82 30 1 -76 83 15 68 -28 -70 49 -1 4 -3 -4 -94 27 -55 2 -89 -73 26 11 -90 55 -40 66 -78 74 -42 55 -32 -41 67 8 -27 -17 -2 70 37 -25 -22 -43 -20 -27 87 -63 80 86 -89 46 -93 38 13 -5 19 6 100 -43 -37 15 86 -10 3 -74 52 -75 -30 59 -8 -81 85 
97 -2 13 -62 -64 8 -42 78 71 82 69 -2 41 15 56 -32 66 -19 -50 -97 65 84 -19 -95 -54 59 57 -91 -49 8 93 -8 -50 84 74 55 -93 51 -57 14 1 -18 49 -30 -74 20 -33 -47 -9 -95 -89 91 -79 -17 67 -78 65 96 -97 57 31 85 32 -14 18 -73 14 48 83 -4 83 41 -52 -73 -8 -51 45 -89 39 29 3 -40 -74 18 62 -88 0 -73 -6 -14 -27 3 33 -51 99 -79 64 18 -63 -14 
14 -67 95 -37 62 22 -71 15 -74 66 86 69 -6 19 95 -74 -71 -97 63 40 -89 -77 0 -96 78 25 -27 -86 100 31 -54 69 29 22 17 25 -41 -25 -94 -12 62 -48 50 15 -79 -41 -58 -13 -71 73 47 31 73 -78 -56 48 32 21 55 -87 30 34 -16 56 25 -66 6 -89 -77 72 -23 24 -89 -65 -8 30 11 60 14 -69 47 30 65 -89 -10 -38 -22 72 -51 -37 68 -85 13 -95 -6 37 60 26 -73 -41 
-93 10 28 37 -93 69 85 -57 -44 -24 70 21 22 82 -48 -64 62 32 85 -54 42 -56 37 -35 77 95 -48 50 -34 -48 -25 -54 -63 71 -44 73 54 -91 32 8 -83 -34 88 71 -20 33 55 0 -70 -85 75 4 92 -29 -81 -60 -85 58 43 87 -48 57 64 85 99 -67 82 -73 -87 -99 40 -65 -60 79 69 33 -3 -32 46 45 -63 -18 -18 -99 58 -73 0 -32 -98 42 81 66 -14 -14 13 43 -47 64 -56 -63 
26 -18 48 74 -79 -43 29 8 -61 82 -92 56 62 4 52 54 54 0 64 25 78 89 84 61 1 66 -20 -74 -68 -72 98 -19 95 -17 -93 12 23 44 0 42 21 52 -46 61 -25 -57 -55 15 -21 76 21 -80 -61 40 -99 86 -89 -72 26 85 -72 -11 -83 89 -1 36 -14 -4 98 -30 43 -91 34 51 9 -63 13 -52 -50 75 83 -81 -95 -81 63 -90 -2 97 -16 98 -63 -82 -87 96 -4 31 -27 -45 -24 96 
45 -37 28 -45 -55 -48 17 -3 -40 -21 -34 81 0 4 67 -81 88 -65 56 1 75 -16 14 60 -87 93 -53 -89 38 53 88 43 42 35 44 40 75 -82 38 1 -98 -33 -77 18 -78 83 -26 66 -68 -75 -21 38 -15 -98 86 -8 36 21 1 -6 -26 -56 44 3 -61 5 9 -12 -70 -4 57 -43 -32 53 -45 10 14 21 5 -48 -27 89 80 -2 -89 47 90 49 59 -87 9 78 -74 -79 96 -14 48 80 51 -41 
-27 -50 -28 -91 -35 -33 18 -70 16 -42 79 10 59 30 -96 19 -9 -76 90 -13 15 -6 39 -98 11 -14 7 51 -51 53 -88 54 39 9 7 -47 -27 34 99 -2 26 -63 5 -80 -95 -50 13 -31 -45 -81 58 29 21 92 -20 -37 -75 31 55 100 100 -73 -33 -69 -69 -80 98 18 -70 -27 -14 -32 -84 94 -61 2 98 40 -25 75 83 -85 100 24 46 13 -67 83 -83 28 50 65 16 86 1 -29 27 -90 100 90 
57 98 -95 -55 -75 63 -65 17 -99 80 -12 97 43 97 22 84 -53 -30 32 43 10 56 -94 -54 91 -88 13 -83 63 -92 -8 -14 22 -95 79 -23 66 -37 -24 -20 27 48 65 -49 51 -73 -32 -54 38 -34 12 -43 2 92 70 -33 -17 -16 28 48 -49 -72 70 -27 -12 100 -32 56 -90 12 -37 -61 71 -76 41 77 -99 -27 -14 -1 -100 -5 41 95 55 -3 95 -1 14 65 88 -13 -25 83 -58 -38 -27 -32 45 -86 
14 -81 -87 -13 -97 66 -30 80 -35 99 55 82 -14 46 98 59 93 -78 60 -35 -17 -77 60 -97 -23 -25 -62 -86 55 7 -3 32 83 89 -41 75 41 43 -84 96 -28 55 64 57 20 -100 -18 -4 25 -75 -37 31 -46 -86 20 -100 -25 -87 -80 17 4 94 -72 27 2 23 -40 -22 95 -5 -26 9 23 82 20 57 -7 -59 -89 4 -87 -51 -84 -6 64 -13 62 41 -43 85 45 -86 35 97 -23 71 29 -87 90 -75 
-80 87 43 41 -12 -72 53 43 -31 -64 -72 -79 -7 35 -44 -97 -90 84 -92 -79 77 -20 12 95 44 84 90 71 -17 40 37 -10 61 42 63 -33 -96 29 12 15 73 50 83 -71 79 -89 35 63 -39 -49 94 86 58 -24 16 88 0 -76 20 76 55 -14 19 87 -79 10 -36 100 -19 -95 58 28 96 41 56 -50 -62 8 17 -4 -40 -87 -27 17 -13 -48 -5 65 -75 67 -37 92 2 26 -36 -29 -25 -87 -76 97 
-5 -18 89 -21 -85 62 -67 53 -85 47 100 96 -85 96 -84 -56 -70 75 -14 37 -70 -39 -78 50 -52 -79 -76 50 -36 70 -84 -37 89 -23 98 9 55 55 35 53 -74 32 -15 -25 -96 24 -77 44 -86 3 -44 76 -25 52 -87 42 0 -59 64 -38 100 7 -54 41 -29 95 6 92 -71 -37 92 -98 45 81 -89 -90 66 5 -3 38 -65 97 -17 76 -100 -26 -18 91 16 33 66 8 60 21 33 18 -64 39 60 58 
-2 -83 48 -95 -75 -5 10 11 25 -52 -32 -25 -35 3 68 -17 15 -42 -16 -27 31 48 -57 -86 -4 29 16 -66 30 10 23 -25 12 49 79 -93 -12 62 -43 28 58 -47 88 67 -65 73 -65 1 92 30 -2 1 45 -69 16 62 -73 -81 -43 -44 68 93 -35 -41 -20 79 -33 90 13 76 -70 -31 -79 -90 26 64 -51 -69 20 -44 -20 7 -75 36 33 -89 -70 68 -65 -15 -76 12 39 78 92 -29 -26 -84 -81 -7 
-40 -81 39 72 27 -84 62 58 87 -83 75 -73 -15 94 74 83 -65 -79 44 1 -21 -91 18 -35 -91 35 -85 2 -52 77 -39 80 -40 -39 95 24 77 48 -99 82 -19 58 -14 45 94 -92 -18 84 63 -18 41 -35 81 -22 -49 20 -3 -57 70 99 -86 55 -62 -17 94 87 40 -39 18 -16 73 -78 50 64 -59 67 -47 39 6 -66 86 18 -83 -76 -66 59 58 -69 -1 66 -85 -40 -38 -53 -91 54 31 45 -63 48 
82 -15 -86 92 67 -45 53 7 87 82 -92 66 61 28 -7 61 99 15 86 -6 -22 -38 -87 -97 40 46 -39 4 4 99 -37 -91 -34 -74 -8 66 -23 29 -49 -86 75 25 91 63 -8 -76 -96 23 1 -91 11 46 -28 84 68 -84 -30 40 -14 86 7 3 13 3 28 56 74 54 -88 95 -3 99 -19 43 -42 35 72 -94 4 92 -54 -3 18 69 -26 -27 83 16 43 -6 -91 84 12 -1 96 42 -90 22 -30 11 
-59 37 49 87 -73 -81 -68 63 47 68 -26 -4 -98 -75 -84 -4 -43 83 -17 61 21 -6 70 -53 -49 25 -46 -32 -90 78 93 35 -75 50 100 79 -88 12 72 -59 42 -18 -4 -98 100 -70 -67 92 66 -68 -79 -39 -66 88 15 -53 -61 -88 36 -23 -3 58 77 -33 91 12 56 94 -12 93 33 35 -50 -61 -10 34 46 56 -89 -31 -4 -40 -38 72 78 -52 -77 -82 45 -3 -88 -93 12 -5 -19 -7 24 -100 -57 2 
99 -96 -97 39 23 -91 -15 47 -84 -78 -79 -10 33 85 96 -22 18 19 -4 25 -92 87 72 35 60 -90 73 47 85 -21 -94 -70 42 8 -11 -12 96 -38 -76 40 -44 -45 37 57 16 -79 18 -72 -12 -52 32 -24 -54 100 -76 86 -77 28 49 -1 6 10 10 32 81 -61 3 72 -38 54 85 -43 69 -30 -39 13 -38 -25 -45 -2 91 -23 76 35 -58 47 1 38 46 -42 19 65 88 55 29 -87 -47 35 99 15 
-16 44 48 -5 40 -20 24 45 53 55 50 -87 -99 -67 -31 1 38 28 -60 89 -60 -94 -87 13 -12 54 77 24 71 24 24 98 99 77 -79 -11 -82 -16 -52 95 41 58 -35 51 60 52 -15 13 -40 32 -85 97 -7 79 81 -61 -47 65 -39 49 -92 36 -40 -78 8 -9 -74 9 16 -19 -93 26 45 -32 69 17 77 -52 8 -41 -8 -44 -2 -28 50 63 82 99 -21 11 24 -68 9 -15 -94 62 -15 -71 8 -21 
-74 -37 68 70 -49 75 71 67 -74 43 -57 74 -14 -19 5 45 38 54 -87 79 40 -67 -75 46 -12 -14 78 14 68 -80 25 67 -99 -83 30 -13 19 -48 -22 -88 61 -64 -81 -64 -30 -18 49 -90 -56 28 -25 22 82 -49 40 17 -82 -64 -95 23 64 82 -35 81 66 17 9 85 73 78 -71 90 -6 32 78 57 -63 -73 -35 -3 24 -40 87 3 17 84 62 -93 -38 -56 48 83 -44 40 -80 67 6 37 31 15 
-88 9 -18 -12 -86 -67 -15 98 52 78 -76 -24 7 22 95 43 -87 48 1 36 -70 97 -25 -75 85 97 -94 -71 -7 -52 -48 -30 99 15 -95 42 65 20 16 76 40 1 -6 -34 94 -19 57 -86 29 38 -9 -54 -89 79 -29 31 -30 57 73 6 -48 -99 39 96 -39 37 -6 -77 -21 84 -30 -66 1 -59 -25 -69 -63 -17 58 -74 -24 -34 85 40 67 -25 -46 27 93 23 59 77 81 58 -15 76 1 -71 50 -45 
41 97 75 -39 10 46 -19 83 80 -10 -12 -64 -57 25 48 -39 15 60 49 67 -94 -12 50 -24 49 -40 98 -74 95 32 7 99 -86 27 -43 8 99 -48 44 60 -81 -60 -24 -59 85 91 -24 -2 58 -2 3 73 34 33 -61 -33 -6 -46 -99 28 76 -22 -85 -37 -72 50 84 48 73 -10 -83 -45 -72 -29 -52 80 -79 -41 69 72 -46 50 -20 87 66 -65 -70 -30 -82 -28 -55 90 -49 91 -65 4 78 -89 -78 3 
-91 -10 72 -85 46 16 62 40 -57 91 54 -40 -69 76 -34 -84 -45 -24 -41 -56 92 -58 -13 -28 99 -1 -40 -91 27 -28 -33 -55 -50 74 -99 -82 80 5 91 56 15 66 -27 73 99 -83 -38 95 36 -84 72 91 64 -13 10 77 62 14 -17 12 -92 -26 -68 93 -92 56 -95 -22 -93 50 25 99 -37 -61 -1 80 14 27 -7 -94 4 21 42 52 45 20 25 -51 -46 -53 -60 -92 -65 58 -49 -3 64 37 -79 -20 
73 67 82 86 -16 66 4 81 -75 34 95 -13 -77 45 -51 -76 -87 -44 41 74 61 -98 58 14 -30 -44 -33 -46 66 20 86 19 -9 -40 84 71 51 -98 -6 27 -63 -32 -68 98 24 30 4 37 16 98 -98 89 35 70 -91 6 -36 -4 -43 14 -66 -95 74 61 -52 35 82 70 92 -10 85 -99 23 56 -20 -36 -85 -81 -71 -32 -24 -60 67 -27 88 -52 -35 -9 -84 -100 100 -38 55 77 60 -97 92 -20 -56 29 
18 -36 -81 -54 27 -81 -61 45 -32 -43 -37 -61 76 -21 11 38 10 -86 30 -73 -92 -18 12 -65 -18 17 -52 -16 48 91 -44 35 99 -42 52 40 58 -41 -83 -64 -83 66 77 20 69 94 25 -43 -34 48 12 19 90 -46 -95 1 42 -93 -36 1 97 45 19 -70 -27 -6 -42 -98 -95 -9 54 -11 74 68 -55 -88 -23 -36 34 -65 78 -73 -51 -94 78 -93 39 -24 -71 13 45 74 8 -82 60 93 57 -12 31 -97 
15 10 -97 98 -83 79 -37 -28 -99 68 -44 -78 42 6 -2 85 -45 -51 61 31 -95 -98 50 -17 -3 -24 23 42 -76 -40 -18 54 -91 7 35 88 96 -84 60 -1 -3 66 -42 13 -84 54 29 80 71 -37 61 70 -4 25 -51 -60 -33 89 64 48 -74 12 52 0 -31 -30 39 -50 17 82 60 22 100 18 2 50 -61 -79 31 70 55 32 -63 -57 8 -58 55 20 85 -93 -36 -79 -22 -62 -17 51 60 80 -74 -3 
74 -30 -75 -62 98 -21 72 15 -92 -48 -77 77 -7 39 4 42 -90 89 -38 -89 -27 85 -78 24 -30 44 51 -62 -99 -89 -71 92 13 76 -74 66 -31 -5 -13 37 -7 -12 -74 -41 48 45 8 -96 32 11 19 -23 -56 65 -41 43 -47 -93 37 58 90 26 84 54 -46 -15 63 -20 -56 -87 -35 -17 -61 -41 -13 28 45 -73 98 17 82 -59 74 7 -38 88 -92 30 -51 8 55 28 84 -6 65 35 -4 -25 40 92 
-73 -42 54 66 47 99 -25 32 87 -70 51 -1 -62 1 99 34 69 -16 20 -40 -53 -68 -74 -76 24 -36 -49 -77 -7 21 92 65 96 -32 -78 43 -10 -71 76 -33 -70 -83 59 20 43 15 -21 -60 -27 -23 -30 -22 -85 -66 -4 69 98 92 47 -32 -31 -5 -33 3 92 -35 47 23 21 63 -6 72 22 -70 -60 -5 6 96 -78 53 54 87 57 -56 -27 -14 -72 19 -16 -87 79 -52 -70 46 -69 44 28 -44 -70 50 
-50 8 -51 32 55 11 -85 -21 12 46 68 -63 -52 -77 -21 84 29 -61 -97 -23 22 -32 -20 -1 29 39 -29 -16 81 -41 90 -96 -40 -26 86 -39 4 -14 46 -29 7 -25 45 7 -20 -98 78 -45 -58 -51 25 -8 9 -12 -85 -15 7 -87 -4 59 99 -27 72 -72 2 49 63 44 -85 88 -6 -80 -92 75 31 -85 -70 20 96 65 -43 54 -90 -46 30 92 63 -75 -33 -83 31 -60 3 2 31 -2 -6 26 53 86 
90 -65 51 -91 4 32 -96 -37 45 69 4 57 65 -14 -99 -2 23 -1 14 -21 -18 -14 11 -51 -27 28 -58 -74 26 -11 -35 -59 -84 -51 -81 -32 -44 29 73 94 51 33 -16 -76 47 -13 49 -91 3 27 -7 54 85 -50 0 62 76 43 4 86 -44 -77 10 -77 36 -75 -77 75 -22 -51 45 96 -60 -94 38 10 45 -19 -69 -99 50 72 28 -11 88 -72 -19 74 25 25 27 -23 12 86 -78 -38 -37 77 11 -53 
73 -50 76 -7 -41 52 -4 -13 -32 -23 49 51 -84 38 -32 -22 -26 -63 56 42 14 -57 47 58 -18 59 -49 54 86 -2 -57 54 -1 -92 -90 66 50 46 100 85 94 93 6 61 23 20 98 -41 83 93 41 66 -95 -33 -91 -78 37 87 81 29 54 76 100 -9 84 -26 38 36 -5 52 8 68 69 -64 -65 86 50 99 94 10 -68 -8 69 77 33 54 94 -92 -94 -70 -5 -36 -7 90 80 -83 31 0 46 59 
63 20 -3 41 -83 6 98 -79 -38 -40 76 -53 10 -56 -1 73 -8 -40 81 -99 93 35 -99 -16 96 26 -100 -79 -90 -66 51 -62 -11 -89 -28 67 21 94 50 18 -16 77 -35 -61 -39 -70 0 66 54 30 -17 -78 64 -61 -66 40 22 48 10 42 -46 13 90 -70 -22 58 47 -58 -72 91 87 53 2 -93 -92 99 8 45 -24 -61 -55 3 -80 -49 57 83 -57 -51 95 -75 49 60 -32 -35 -91 -79 92 8 -48 11 
-27 -27 14 -38 -10 -73 83 72 -49 57 -76 -1 84 21 48 93 84 -13 84 -42 -91 10 -95 -93 -66 25 -10 55 80 87 56 -45 40 16 -44 -91 -29 -13 60 62 -62 50 -13 9 -67 10 -72 7 -87 78 54 -37 -56 63 70 44 -11 -96 -92 -93 -58 23 -84 7 -15 -10 -35 -82 48 -71 43 11 -100 -14 9 -25 40 90 -67 100 99 65 47 -100 -79 23 48 85 46 23 -13 -96 -40 -64 -66 -61 50 -45 -7 45 
-12 3 60 -4 -69 -76 -44 -66 13 -26 79 -86 -49 -40 -6 -43 52 30 -23 -14 -16 83 39 -87 77 -61 -79 70 21 76 -73 -2 38 42 -49 55 -95 22 -82 -20 -64 -16 -24 -58 -48 73 -69 -47 4 23 7 50 58 91 20 47 -96 -61 -100 60 75 -11 -31 -81 93 78 -24 -46 48 -70 99 50 -39 11 67 8 -48 -8 18 -34 -81 -79 -98 -77 84 -57 -3 61 -68 30 -73 -88 -61 46 39 7 -66 -63 3 5 
-37 -15 26 -77 97 -44 6 -100 -30 8 -62 98 7 53 56 -11 46 26 -54 -50 -89 -84 66 -20 -77 82 -30 93 4 33 -59 77 27 24 -64 10 34 -86 73 -70 -3 -94 88 -85 -52 -70 70 -23 -96 16 -30 -35 59 82 -1 -51 94 30 -79 55 19 -24 -96 -35 -31 -20 -5 -15 -78 -30 -35 -38 -10 -28 -21 19 93 61 -30 -38 -19 -99 98 -6 64 4 36 63 -97 -88 -26 19 -49 -23 21 22 -90 70 84 -45 
-1 -6 -9 10 77 -36 51 49 47 -56 1 -30 -36 -62 57 -46 92 -33 98 98 -52 51 -85 -51 61 31 48 -66 -79 12 -2 69 -56 68 89 23 -56 -40 54 95 -94 81 27 -38 -75 -95 -85 33 -43 33 -71 -26 23 50 63 57 68 -67 -47 -61 53 26 56 -73 -77 58 7 99 66 -90 64 88 12 -48 -71 40 96 51 50 45 -31 67 89 -33 63 26 46 -6 -48 68 -70 12 -79 4 -100 -30 -38 14 -86 72 
69 71 70 6 -1 58 1 52 67 -76 -45 48 84 -72 -39 83 -12 -31 23 62 -27 19 -10 77 -99 -50 81 78 -31 1 3 -75 -44 -16 -15 67 -49 59 -34 -2 8 -23 41 -47 -66 62 -68 72 90 -21 49 -4 57 -47 -39 4 -49 -42 74 -21 -98 60 82 -7 97 -98 38 -62 32 31 -35 15 63 -53 50 -91 23 -83 34 41 19 45 -75 -7 2 42 89 -6 -5 8 71 46 7 33 -27 -68 28 -54 -23 -74 
66 39 -54 -19 -70 62 24 -95 -77 -70 90 25 -5 40 -49 70 61 49 34 6 -79 -19 -18 91 -23 -46 -72 -30 60 -52 59 -25 -48 -54 91 -74 90 56 -55 -18 73 -64 -37 16 10 -54 -47 -95 -23 -72 90 -65 -15 56 42 -20 -5 58 3 65 64 37 83 91 54 -1 -6 12 -20 -58 92 14 -20 -47 -76 -56 31 28 81 17 -61 30 -50 22 20 96 -2 8 -97 -40 83 -97 96 18 -56 -100 8 42 58 -39 
21 35 84 -68 24 5 68 76 -18 47 -7 -38 25 93 -59 54 22 62 -83 -76 5 84 76 -52 -48 1 68 92 -78 -80 -75 18 -17 -56 42 -95 47 -90 99 40 -38 65 76 -57 -28 54 11 -47 -52 4 -13 -87 91 30 94 -23 35 0 -8 -8 -37 68 39 -4 24 -30 15 -60 -33 67 -53 -14 37 22 27 14 -18 51 -95 0 -59 77 -91 21 -1 6 79 -73 76 98 -18 -34 -26 -98 76 26 56 -89 -39 97 
-39 76 -29 19 47 -24 60 65 -70 -3 6 5 -97 -82 -81 -87 57 12 -15 81 11 93 15 35 62 53 -89 2 -24 51 -28 72 86 -65 -72 1 -9 46 -75 25 -31 18 -81 -74 -98 67 -55 -81 43 34 -2 45 -81 69 -15 48 10 -67 60 -42 28 -22 50 8 65 35 5 -93 41 77 70 76 -100 21 47 68 -24 -50 62 -4 19 66 -91 -3 61 -4 -88 -88 61 -52 44 64 39 -36 -94 96 79 -52 10 87 
-57 -7 77 45 14 -91 39 82 -58 92 41 -42 100 76 -73 34 65 -44 -68 -35 -66 -100 13 45 7 -23 -8 -38 -8 63 -37 17 6 4 36 -1 55 -9 -70 -45 -31 -93 -19 59 88 41 93 17 -79 -88 94 4 16 -8 -85 -46 96 88 60 80 -68 -65 -89 -83 -89 27 -38 42 43 -51 7 22 5 -91 -91 -10 41 -73 49 -64 -4 -82 -20 53 -49 3 -52 7 29 49 -11 -29 93 -61 -88 -47 -98 71 -17 -72 
72 75 -46 -40 -26 -98 -50 94 88 99 76 -66 19 -65 71 -8 69 -71 -100 -48 -92 -91 -23 -3 -65 25 47 44 -3 28 -41 62 93 50 86 -11 -52 -16 -32 -46 24 -99 55 92 96 -2 -20 -59 -39 -65 0 78 9 22 -68 -35 -3 -57 8 37 -17 -100 48 81 -71 -57 -83 85 -13 -53 -62 2 -75 85 94 34 92 61 35 62 84 -5 73 25 -40 19 97 -81 82 45 -81 -66 14 -30 -52 69 79 28 12 -56 
-85 78 -56 -100 -81 -2 -79 -64 53 -53 91 -39 -36 78 -16 -23 -35 35 14 -47 51 61 -85 75 14 18 62 -45 -96 -43 -77 32 -89 -46 9 -28 18 -37 84 -92 -24 -10 -93 92 3 -63 5 62 7 -100 -36 11 55 -76 -51 -50 70 -77 -88 -83 39 -3 42 -62 -57 45 54 -31 91 -85 -53 6 46 9 -31 -49 70 -69 34 -65 27 -72 -68 65 99 -39 -1 -7 47 48 -53 -36 -19 -10 -31 1 -63 -77 -71 -98 
83 -18 86 39 0 -81 84 70 88 -3 -23 25 -67 -65 26 -57 53 94 46 -34 -23 61 -67 -34 95 -20 -77 -87 -8 49 10 7 4 75 -86 -54 -37 -67 -28 38 72 83 -33 81 5 30 71 -83 71 30 -85 -8 52 -89 -52 18 27 6 -50 97 -38 -24 -25 -18 -67 99 38 19 4 -51 76 77 88 -87 -42 0 -97 14 20 92 -35 83 23 -68 38 58 -7 71 78 95 -92 -74 97 -48 30 -40 22 -37 -95 92 
-17 -28 -47 56 81 26 -85 29 33 -22 -70 27 16 -55 24 -10 77 35 -17 -83 25 68 72 -81 -13 -80 -93 -84 84 -39 -26 -62 -84 77 85 90 60 -69 21 -42 -12 -80 -9 -79 -24 -82 -11 -83 67 84 -33 -5 -87 -52 -61 -67 8 -86 41 74 10 -10 -84 80 -2 64 65 -65 97 -46 93 -81 -76 -91 -95 17 66 90 -3 1 83 -63 94 -23 57 -55 30 -30 -100 67 -4 96 -50 -66 33 -20 -26 3 17 -3 
-49 -6 -49 -20 -33 -64 87 2 -22 -68 -41 84 -32 18 39 -11 30 68 77 -25 -27 -5 54 86 -64 62 32 48 -18 64 -31 -85 24 -44 36 -33 3 61 84 7 69 -66 -7 -58 -65 42 5 0 93 -93 32 43 -93 20 13 8 54 63 52 40 -86 -82 83 -20 10 -63 11 41 -100 57 -53 6 -33 -46 43 98 -42 24 95 16 -42 67 64 9 -56 -46 -8 50 63 -15 36 45 29 -78 23 -77 63 24 -37 -95 
92 -32 58 15 -38 63 74 24 -13 71 -58 90 13 -77 -35 49 96 99 23 55 -1 -98 -35 -99 -37 -74 -16 -80 0 -95 -15 12 -28 -43 -85 -100 25 -88 59 -78 -62 -18 -94 -73 -80 57 -53 87 -45 54 68 -92 -39 62 19 0 -85 79 75 -9 -85 52 -4 -45 -91 63 -71 -34 -16 -43 -1 -41 96 53 47 63 -3 46 39 -17 71 -92 -1 -65 -88 -91 12 55 59 21 -73 -1 -30 -57 -64 75 43 27 34 -46 
-54 36 -90 26 -80 67 -40 80 47 63 85 -47 -36 50 8 -94 88 93 -39 -52 -73 89 87 52 -9 32 -36 51 76 82 84 70 81 -10 29 -39 29 -93 -55 19 -79 60 -54 -49 -80 -36 5 35 1 43 -76 93 33 -91 18 -99 73 -11 51 -97 89 -47 51 -54 24 52 13 -40 13 -53 34 -60 -40 -5 -84 73 8 12 24 -13 15 -15 -38 41 55 -3 -89 -57 -15 55 -8 7 -83 62 21 60 86 49 -66 -51 
37 55 -35 -35 -35 19 95 -48 48 71 9 57 -23 -51 -47 96 28 -23 68 10 -42 84 0 77 -19 -81 6 -64 44 -5 81 -3 29 -8 9 57 2 73 1 -21 42 94 35 -7 5 -54 -4 -92 -31 -46 -95 -12 -100 -89 -100 -38 56 -61 -71 -56 -59 -92 -33 -72 84 21 -55 17 6 97 -21 84 -54 -59 84 -13 70 -11 20 63 70 -68 -26 1 -17 -29 -46 67 94 17 39 96 98 -11 -78 100 70 87 73 96 
-17 13 -20 -60 -95 -42 60 74 20 78 -42 91 68 4 -72 24 40 92 21 -68 7 -55 -97 49 91 46 95 19 28 32 9 -25 17 -48 -4 -48 16 -13 -7 -70 -23 13 -31 74 92 -32 -55 65 -8 97 -9 53 94 20 3 100 -25 67 52 -69 -46 -10 96 3 47 33 11 92 -55 -32 19 79 -70 -20 35 25 23 -97 -71 -13 14 -7 -30 52 1 22 -66 -8 70 44 -20 28 23 2 -12 -46 80 -34 50 57 
-54 -78 6 77 -69 -30 -62 -84 -70 -15 91 80 -53 -7 87 -96 -48 25 32 -88 -36 -43 84 52 -20 -13 66 47 8 51 -61 97 18 -22 -68 -62 100 -39 -93 54 29 85 -36 -99 -84 -96 77 -60 -50 -4 -80 94 -82 -17 -13 77 -67 -36 18 -48 -26 -6 -63 1 -59 -48 95 -81 33 -72 -32 87 -82 -25 14 30 99 -89 -89 7 -57 12 -30 11 61 91 -73 -69 -35 46 65 -26 4 80 -87 -96 56 -50 -91 -91 
-6 28 -31 16 -36 -90 -2 -97 -46 13 -37 -74 75 13 55 -24 -19 39 -28 -20 -82 36 -72 78 -25 3 -42 85 90 -15 -81 55 -94 31 -16 -27 97 47 18 -2 -1 -9 43 37 44 67 -33 -45 -50 -8 -4 -70 11 37 65 57 51 42 -15 -37 -83 -50 -21 -67 -24 82 -98 46 11 24 81 28 30 18 -39 36 -93 -99 29 -45 99 95 -100 42 36 41 46 -53 59 65 -85 -97 -4 37 56 -23 64 -66 33 56 
-11 -14 -87 -41 98 72 -42 -40 -84 -27 67 26 25 94 1 -88 -63 -66 -44 36 91 -55 -99 23 -59 -66 52 60 -89 -72 -97 -17 60 -28 -38 5 -56 -94 85 -7 63 1 33 55 7 -74 32 81 42 -97 2 56 -94 -55 -93 -32 -50 17 -24 87 -79 -7 52 -68 35 -96 2 7 -43 92 26 62 -68 24 2 -18 -23 -74 -51 39 44 13 -83 -21 -59 -84 -82 -63 -21 -37 -48 22 -32 66 46 -31 92 3 -89 69 
1 -26 66 33 64 -51 -39 -6 -52 14 -68 14 -2 44 -66 21 96 -95 -69 68 -49 -65 35 72 -8 64 69 89 -31 -12 94 -80 16 -99 -75 -86 -30 -4 23 -94 -5 -85 -34 -21 -59 46 25 39 -64 -36 -26 56 -29 -3 -5 79 8 -95 -74 40 -14 67 75 -55 2 12 -73 69 -72 72 15 -9 61 -63 58 52 65 -12 67 -55 100 -78 88 -82 98 -100 -88 -71 95 -99 33 -92 22 -58 91 -23 33 36 26 -3 
-3 -22 74 -43 -37 -11 50 89 -59 -92 61 82 -100 10 -70 31 -33 98 -1 -38 3 -46 28 -66 -70 10 -95 75 55 -95 -9 -64 -14 12 75 -39 -13 -25 -22 -98 100 -43 -68 38 -99 53 -23 -95 -16 -76 -28 -44 -58 -43 -27 87 -73 -41 -1 -38 67 -61 11 82 81 -42 -3 11 81 -14 -79 41 46 -30 -90 54 -42 69 -71 13 -82 26 85 -73 9 8 -59 91 9 -24 -29 -13 -45 55 87 -40 46 -96 -55 -62 
69 -92 -46 -10 59 76 -37 3 -22 72 100 -56 -90 -77 88 -55 -53 -15 32 11 -76 -60 -70 -41 65 -45 49 48 2 24 -61 32 35 24 -12 -8 -22 -95 -48 18 -57 61 27 56 67 42 62 -88 -6 -26 -50 51 5 21 -81 -84 7 -54 -67 -40 40 -18 -83 26 -56 12 -55 27 9 -34 85 56 -97 38 57 29 66 96 16 -11 35 43 40 -33 -57 86 85 -49 78 -81 14 68 26 -47 -63 97 17 -58 -35 12 
-69 83 68 -74 -21 0 -39 -98 -46 -97 65 -30 25 60 47 49 7 95 -94 -10 22 -29 -38 70 -11 -15 -20 55 -49 71 8 18 -100 -44 -64 93 -45 -75 -62 62 -47 -37 38 90 6 78 -62 -56 19 94 -31 18 62 -19 81 22 -74 33 -64 -30 -87 65 61 56 22 -18 39 46 96 -2 -6 18 35 75 99 35 69 -34 -92 29 -13 31 -14 45 93 29 89 -85 10 -58 30 -58 -68 -37 -84 81 -4 60 45 -71 
