94
6 58
60 60
40 68
69 69
76 96
26 66
84 95
22 98
66 93
7 45
39 97
51 87
48 64
35 49
71 91
3 21
52 75
38 93
43 81
27 49
57 71
67 99
50 66
21 53
91 93
44 65
23 45
24 72
35 61
27 87
63 67
85 93
33 73
54 90
79 95
43 65
14 71
8 75
32 56
77 93
15 93
32 51
4 25
24 26
13 69
39 83
79 81
26 83
35 65
61 69
84 87
48 65
2 76
70 79
64 98
80 90
79 97
40 50
39 43
16 19
96 97
34 36
4 7
55 71
34 40
29 85
60 85
92 98
19 83
81 81
41 81
59 77
62 70
40 78
64 77
31 37
80 80
15 61
68 74
44 79
49 85
59 91
60 95
44 85
22 87
87 90
78 99
17 57
4 64
95 99
47 83
72 81
53 85
35 57
