100
8 62
92 98
75 83
6 53
14 33
5 37
28 82
17 97
70 97
87 87
45 61
87 93
59 97
57 89
10 48
49 97
45 45
99 99
47 75
26 94
38 81
79 81
91 99
49 97
52 85
92 94
27 51
24 52
99 99
93 93
57 73
79 91
24 31
42 55
92 100
54 89
30 52
36 96
63 79
12 46
93 93
3 71
9 85
31 93
22 88
97 97
57 97
91 91
33 77
51 93
42 83
58 92
49 81
65 93
44 98
100 100
89 97
72 84
0 62
28 88
1 85
9 29
22 62
87 89
12 47
34 97
58 83
85 85
80 84
75 95
41 53
60 92
100 100
33 73
78 83
23 99
26 26
4 13
75 95
47 49
87 89
88 100
79 79
17 73
57 57
31 97
59 65
28 39
24 58
42 88
74 75
84 85
66 97
6 83
68 100
1 33
96 98
46 53
1 19
64 81
