86
53 85
1 13
56 68
34 41
16 58
94 97
31 93
78 95
46 64
72 94
8 82
4 97
28 50
20 80
12 68
29 37
66 100
8 98
82 91
19 29
25 37
67 83
67 81
55 61
67 73
54 98
36 68
53 93
88 88
42 87
23 85
41 49
82 92
35 47
40 54
51 55
72 95
55 91
6 14
5 81
88 100
9 37
88 94
0 60
65 69
31 95
28 86
77 85
82 83
74 74
98 99
79 89
97 97
18 83
63 91
1 33
69 77
11 83
25 83
99 99
2 60
85 85
72 97
67 93
14 47
35 99
30 39
86 97
93 95
36 69
39 97
31 93
31 51
98 98
30 40
80 97
72 72
52 63
75 91
57 57
16 64
99 99
22 47
87 97
68 70
37 58
