86
47 91
30 40
3 89
54 75
84 94
10 87
63 71
48 94
94 95
30 87
64 80
2 9
33 53
10 87
9 53
69 85
39 67
6 28
68 84
5 43
28 96
96 100
19 79
41 89
19 59
91 91
65 81
9 73
67 81
12 42
6 70
81 85
87 87
37 37
32 34
36 99
11 55
52 66
35 53
87 87
33 73
12 73
67 85
34 50
36 78
23 53
13 13
39 83
62 97
27 93
32 68
78 91
49 85
36 62
51 77
99 99
45 85
18 30
4 60
72 98
91 93
55 60
100 100
60 83
93 93
40 72
39 79
13 37
64 73
65 89
16 73
14 47
43 65
45 77
24 92
30 32
99 99
76 96
97 97
26 45
11 93
78 88
92 97
70 72
33 81
64 95
